([0,],[],[],[],)->([],[13,],[13,0,],[],)->([29,28,21,16,2,],[21,],[21,],[18,5,],)->([28,12,9,5,4,],[29,15,10,1,],[21,16,10,2,],[28,25,12,],)=(10001230,20008402,210404,12001000,), Prob:6
([1,],[],[],[],)->([],[14,],[14,1,],[],)->([30,29,22,17,16,3,],[22,],[22,],[19,6,],)->([29,13,10,6,5,],[30,16,11,2,],[22,17,16,11,3,],[29,26,13,],)=(20002460,40010804,430808,24002000,), Prob:8
([2,],[],[],[],)->([],[15,],[15,2,1,],[],)->([31,30,23,18,4,],[23,],[23,],[20,7,],)->([30,14,11,7,6,],[31,17,12,3,],[23,18,12,4,],[30,27,14,],)=(400048c0,80021008,841010,48004000,), Prob:8
([3,],[],[],[],)->([],[16,15,],[16,15,3,],[],)->([24,19,18,5,0,],[24,23,],[24,23,],[21,8,],)->([31,15,12,8,],[18,13,0,],[24,19,18,13,5,4,],[31,28,15,],)=(80009100,42001,10c2030,90008000,), Prob:7
([4,],[],[],[],)->([],[17,],[17,4,3,],[],)->([25,20,6,1,0,],[25,],[25,],[22,9,],)->([16,13,9,8,0,],[19,14,5,1,],[25,20,14,6,],[29,16,0,],)=(12301,84022,2104040,20010001,), Prob:8
([5,],[],[],[],)->([],[18,],[18,5,4,],[],)->([26,21,7,2,1,],[26,],[26,],[23,10,],)->([17,14,10,9,1,],[20,19,15,2,],[26,25,21,19,15,7,],[30,17,1,],)=(24602,188004,6288080,40020002,), Prob:8
([6,],[],[],[],)->([],[19,18,],[19,18,6,],[],)->([27,26,22,8,3,],[27,26,],[27,26,],[24,11,10,],)->([18,15,11,2,1,],[21,16,15,7,3,],[27,22,16,15,8,],[31,18,17,2,],)=(48806,218088,8418100,80060004,), Prob:8
([7,],[],[],[],)->([],[20,],[20,7,6,],[],)->([28,23,9,4,3,],[28,],[28,],[25,12,],)->([19,18,16,12,3,],[22,17,4,],[28,27,23,17,9,8,],[19,3,2,0,],)=(d1008,420010,18820300,8000d,), Prob:8
([8,],[],[],[],)->([],[21,20,],[21,20,8,],[],)->([29,28,24,10,5,],[29,28,],[29,28,],[26,13,12,],)->([20,17,13,4,3,],[23,22,18,9,5,4,],[29,24,23,22,18,10,9,],[20,19,4,1,],)=(122018,c40230,21c40600,180012,), Prob:8
([9,],[],[],[],)->([],[22,],[22,9,8,],[],)->([30,25,11,6,5,],[30,],[30,],[27,14,],)->([21,20,18,14,5,],[24,19,6,],[30,29,25,19,11,10,],[21,5,4,2,],)=(344020,1080040,62080c00,200034,), Prob:8
([10,],[],[],[],)->([],[23,],[23,10,9,],[],)->([31,26,12,7,6,],[31,],[31,],[28,15,],)->([22,21,19,15,6,],[25,24,20,7,6,],[31,30,26,25,24,20,12,6,],[22,6,5,3,],)=(688040,31000c0,c7101040,400068,), Prob:8
([11,],[],[],[],)->([],[24,],[24,11,10,],[],)->([27,13,8,7,0,],[0,],[0,],[29,16,],)->([23,20,16,7,],[26,25,21,8,],[27,25,21,13,0,],[23,7,4,],)=(910080,6200100,a202001,800090,), Prob:6
([12,],[],[],[],)->([],[25,],[25,12,11,],[],)->([28,14,9,8,1,],[1,],[1,],[30,17,],)->([24,21,17,8,],[27,26,22,9,],[28,26,22,14,1,],[24,8,5,],)=(1220100,c400200,14404002,1000120,), Prob:8
([13,],[],[],[],)->([],[26,],[26,13,12,],[],)->([29,15,10,9,2,],[2,],[2,],[31,18,],)->([25,24,22,18,9,],[28,23,14,10,],[29,23,15,2,],[25,9,8,6,],)=(3440200,10804400,20808004,2000340,), Prob:8
([14,],[],[],[],)->([],[27,],[27,14,13,],[],)->([30,16,11,10,3,],[3,],[3,],[19,0,],)->([26,23,19,18,10,],[29,24,15,11,],[30,24,16,3,],[26,10,7,],)=(48c0400,21008800,41010008,4000480,), Prob:8
([15,],[],[],[],)->([],[28,],[28,15,14,],[],)->([31,17,12,11,4,],[4,],[4,],[20,1,],)->([27,24,20,19,11,],[30,29,25,12,],[31,29,25,17,4,3,],[27,11,8,],)=(9180800,62001000,a2020018,8000900,), Prob:8
([16,],[],[],[],)->([],[29,],[29,16,15,],[],)->([18,13,12,5,0,],[5,],[5,],[21,2,],)->([28,27,25,21,12,],[31,26,17,13,],[31,26,18,5,0,],[28,12,11,9,],)=(1a201000,84022000,84040021,10001a00,), Prob:7
([17,],[],[],[],)->([],[30,],[30,17,16,],[],)->([19,14,13,6,1,],[6,],[6,],[22,3,],)->([29,28,26,22,13,],[27,18,14,0,],[27,19,6,1,],[29,13,12,10,],)=(34402000,8044001,8080042,20003400,), Prob:8
([18,],[],[],[],)->([],[31,],[31,18,17,],[],)->([20,19,15,7,2,],[7,],[7,],[23,4,3,],)->([30,29,27,26,23,14,],[28,19,15,14,1,],[28,20,19,7,2,1,],[30,14,13,11,10,],)=(6c804000,1008c002,10180086,40006c00,), Prob:8
([19,],[],[],[],)->([],[0,],[19,18,0,],[],)->([21,16,8,3,],[8,],[8,],[24,5,],)->([31,28,24,23,15,],[29,16,2,],[29,21,20,15,8,7,3,],[31,15,12,],)=(91808000,20010004,20308188,80009000,), Prob:7
([20,],[],[],[],)->([],[1,],[20,19,1,],[],)->([22,17,9,4,],[9,],[9,],[25,6,],)->([29,25,24,16,0,],[30,21,17,3,],[30,22,16,9,4,],[16,13,0,],)=(23010001,40220008,40410210,12001,), Prob:8
([21,],[],[],[],)->([],[2,],[21,20,2,],[],)->([23,18,17,10,5,],[10,],[10,],[26,7,],)->([30,26,25,17,1,],[31,22,18,4,],[31,23,10,5,],[17,14,1,],)=(46020002,80440010,80800420,24002,), Prob:8
([22,],[],[],[],)->([],[3,],[22,21,3,],[],)->([24,23,19,11,6,],[11,],[11,],[27,8,7,],)->([31,30,27,18,2,1,],[19,5,0,],[24,18,11,10,6,0,],[18,17,15,14,2,],)=(c8040006,80021,1040c41,6c004,), Prob:8
([23,],[],[],[],)->([],[4,],[23,22,4,],[],)->([25,20,19,12,7,],[12,],[12,],[28,9,],)->([28,27,19,3,0,],[20,6,1,],[25,24,12,11,7,1,],[19,16,3,],)=(18080009,100042,3001882,90008,), Prob:8
([24,],[],[],[],)->([],[5,],[24,23,5,],[],)->([26,21,20,13,8,],[13,],[13,],[29,10,],)->([29,28,20,4,1,],[25,21,7,2,],[26,13,8,2,],[20,17,4,],)=(30100012,2200084,4002104,120010,), Prob:8
([25,],[],[],[],)->([],[6,],[25,24,6,],[],)->([27,22,21,14,9,],[14,],[14,],[30,11,],)->([30,29,21,5,2,],[22,8,3,],[27,26,14,13,9,3,],[21,18,5,],)=(60200024,400108,c006208,240020,), Prob:8
([26,],[],[],[],)->([],[7,],[26,25,7,],[],)->([28,23,22,15,10,],[15,],[15,],[31,12,],)->([31,30,22,6,3,],[23,9,4,],[28,27,15,14,10,4,],[22,19,6,],)=(c0400048,800210,1800c410,480040,), Prob:8
([27,],[],[],[],)->([],[8,7,],[27,8,7,],[],)->([29,24,16,11,10,],[16,15,],[16,15,],[13,0,],)->([23,7,4,0,],[24,10,5,4,],[29,28,16,11,10,5,4,],[23,20,7,],)=(800091,1000430,30010c30,900080,), Prob:8
([28,],[],[],[],)->([],[9,],[28,27,9,],[],)->([30,25,24,17,12,],[17,],[17,],[14,1,],)->([24,8,5,1,0,],[25,11,6,],[30,29,17,16,12,6,],[24,21,8,],)=(1000123,2000840,60031040,1200100,), Prob:8
([29,],[],[],[],)->([],[10,],[29,28,10,],[],)->([31,26,25,18,13,],[18,],[18,],[15,2,],)->([25,9,6,2,1,],[30,26,12,7,],[31,18,13,7,],[25,22,9,],)=(2000246,44001080,80042080,2400200,), Prob:8
([30,],[],[],[],)->([],[11,],[30,29,11,],[],)->([27,26,19,14,0,],[19,],[19,],[16,3,],)->([26,10,7,3,2,],[27,13,8,],[19,18,14,8,0,],[26,23,10,],)=(400048c,8002100,c4101,4800400,), Prob:7
([31,],[],[],[],)->([],[12,],[31,30,12,],[],)->([28,27,20,15,1,],[20,],[20,],[17,4,],)->([27,11,10,8,4,],[28,27,14,9,],[27,20,19,15,14,9,1,],[27,26,24,11,],)=(8000d10,18004200,818c202,d000800,), Prob:8
([1,0,],[],[],[],)->([],[14,13,],[14,13,1,],[],)->([30,22,17,16,3,],[22,21,],[22,21,],[19,6,],)->([29,13,10,6,],[30,16,11,10,],[22,17,16,11,10,3,2,],[29,26,13,],)=(20002440,40010c00,430c0c,24002000,), Prob:8
([2,1,],[],[],[],)->([],[15,14,],[15,14,2,1,],[],)->([31,23,18,4,],[23,22,],[23,22,],[20,7,],)->([30,14,11,7,],[31,17,12,],[30,23,18,12,4,3,],[30,27,14,],)=(40004880,80021000,40841018,48004000,), Prob:8
([3,2,],[],[],[],)->([],[16,15,],[16,15,3,2,],[],)->([24,19,5,0,],[24,23,],[24,23,],[21,8,],)->([31,15,12,8,],[18,13,0,],[24,19,13,5,4,],[31,28,15,],)=(80009100,42001,1082030,90008000,), Prob:7
([4,3,],[],[],[],)->([],[17,16,],[17,16,4,3,],[],)->([25,20,6,1,],[25,24,],[25,24,],[22,9,],)->([16,13,9,0,],[19,14,1,],[25,20,14,6,5,],[29,16,0,],)=(12201,84002,2104060,20010001,), Prob:8
([5,4,],[],[],[],)->([],[18,17,],[18,17,5,4,],[],)->([26,21,7,2,],[26,25,],[26,25,],[23,10,],)->([17,14,10,1,],[20,19,15,2,],[26,21,19,15,7,1,],[30,17,1,],)=(24402,188004,4288082,40020002,), Prob:8
([6,5,],[],[],[],)->([],[19,18,],[19,18,6,5,],[],)->([27,22,8,3,],[27,26,],[27,26,],[24,11,],)->([18,15,11,2,],[21,20,16,3,2,],[27,22,21,20,16,8,],[31,18,2,],)=(48804,31000c,8710100,80040004,), Prob:8
([7,6,],[],[],[],)->([],[20,19,],[20,19,7,6,],[],)->([28,23,9,4,],[28,27,],[28,27,],[25,12,],)->([19,16,12,3,],[22,17,8,4,],[28,27,23,17,9,3,],[19,3,0,],)=(91008,420110,18820208,80009,), Prob:8
([8,7,],[],[],[],)->([],[21,20,],[21,20,8,7,],[],)->([29,24,10,5,],[29,28,],[29,28,],[26,13,],)->([20,17,13,4,],[23,18,9,5,],[29,28,24,18,10,4,],[20,4,1,],)=(122010,840220,31040410,100012,), Prob:8
([9,8,],[],[],[],)->([],[22,],[22,9,],[],)->([30,25,24,11,6,5,],[30,],[30,],[27,14,],)->([21,20,18,14,5,],[24,19,10,6,],[30,25,24,19,11,],[21,5,4,2,],)=(344020,1080440,43080800,200034,), Prob:8
([10,9,],[],[],[],)->([],[23,],[23,10,],[],)->([31,26,25,12,7,6,],[31,],[31,],[28,15,],)->([22,21,19,15,6,],[25,24,20,11,7,],[31,26,25,24,20,12,11,],[22,6,5,3,],)=(688040,3100880,87101800,400068,), Prob:8
([11,10,],[],[],[],)->([],[24,],[24,11,],[],)->([27,26,13,8,7,0,],[0,],[0,],[29,16,],)->([23,20,16,7,],[26,21,8,],[27,26,21,13,12,0,],[23,7,4,],)=(910080,4200100,c203001,800090,), Prob:6
([12,11,],[],[],[],)->([],[25,],[25,12,],[],)->([28,27,14,9,8,1,],[1,],[1,],[30,17,],)->([24,21,17,8,],[27,22,9,],[28,27,22,14,13,1,],[24,8,5,],)=(1220100,8400200,18406002,1000120,), Prob:8
([13,12,],[],[],[],)->([],[26,],[26,13,],[],)->([29,15,10,9,2,1,],[2,],[2,],[31,18,17,],)->([25,24,22,18,9,8,],[28,23,10,],[29,23,15,14,2,],[25,24,9,8,6,],)=(3440300,10800400,2080c004,3000340,), Prob:8
([14,13,],[],[],[],)->([],[27,],[27,14,],[],)->([30,16,11,10,3,2,],[3,],[3,],[19,18,0,],)->([26,25,23,19,10,9,],[29,24,11,],[30,24,16,15,3,],[26,25,10,9,7,],)=(6880600,21000800,41018008,6000680,), Prob:8
([15,14,],[],[],[],)->([],[28,],[28,15,],[],)->([31,30,17,12,11,4,],[4,],[4,],[20,1,],)->([27,26,24,20,11,],[30,25,12,],[31,30,25,17,16,4,3,],[27,11,10,8,],)=(d100800,42001000,c2030018,8000d00,), Prob:8
([16,15,],[],[],[],)->([],[29,28,],[29,28,16,15,],[],)->([18,17,13,12,5,0,],[5,4,],[5,4,],[21,2,1,],)->([28,25,24,21,12,],[31,26,13,],[31,26,18,5,0,],[28,12,9,8,],)=(13201000,84002000,84040021,10001300,), Prob:7
([17,16,],[],[],[],)->([],[30,],[30,17,],[],)->([19,14,13,6,1,0,],[6,],[6,],[22,3,],)->([29,28,26,22,13,],[31,27,14,0,],[31,27,19,6,5,1,],[29,13,12,10,],)=(34402000,88004001,88080062,20003400,), Prob:8
([18,17,],[],[],[],)->([],[31,30,],[31,30,18,17,],[],)->([20,19,15,14,7,2,],[7,6,],[7,6,],[23,4,3,],)->([30,27,26,23,14,],[28,15,1,],[28,20,7,2,],[30,14,11,10,],)=(4c804000,10008002,10100084,40004c00,), Prob:8
([19,18,],[],[],[],)->([],[0,],[19,0,],[],)->([21,16,8,7,3,],[8,],[8,],[24,23,5,],)->([31,28,24,23,15,14,],[29,28,16,2,1,],[29,28,21,8,3,1,],[31,30,15,12,],)=(9180c000,30010006,3020010a,c0009000,), Prob:7
([20,19,],[],[],[],)->([],[1,0,],[20,19,1,0,],[],)->([22,17,16,9,4,],[9,8,],[9,8,],[25,6,],)->([29,25,16,0,],[30,21,17,3,],[30,22,9,8,4,],[16,13,0,],)=(22010001,40220008,40400310,12001,), Prob:8
([21,20,],[],[],[],)->([],[2,],[21,2,],[],)->([23,18,17,10,5,4,],[10,],[10,],[26,7,],)->([30,26,25,17,1,],[31,22,18,4,],[31,23,10,5,4,],[17,14,1,],)=(46020002,80440010,80800430,24002,), Prob:8
([22,21,],[],[],[],)->([],[3,2,],[22,21,3,2,],[],)->([24,19,11,6,],[11,10,],[11,10,],[27,8,],)->([31,27,18,2,],[19,18,5,0,],[24,23,11,6,5,0,],[18,15,2,],)=(88040004,c0021,1800861,48004,), Prob:8
([23,22,],[],[],[],)->([],[4,],[23,4,],[],)->([25,20,19,12,7,6,],[12,],[12,],[28,9,],)->([28,27,19,3,0,],[24,20,6,1,],[25,12,7,6,1,],[19,16,3,],)=(18080009,1100042,20010c2,90008,), Prob:8
([24,23,],[],[],[],)->([],[5,4,],[24,23,5,4,],[],)->([26,21,13,8,],[13,12,],[13,12,],[29,10,],)->([29,20,4,1,],[21,7,2,],[26,25,20,13,8,2,],[20,17,4,],)=(20100012,200084,6102104,120010,), Prob:8
([25,24,],[],[],[],)->([],[6,5,],[25,24,6,5,],[],)->([27,22,14,9,],[14,13,],[14,13,],[30,11,],)->([30,21,5,2,],[22,8,3,],[27,26,21,14,9,3,],[21,18,5,],)=(40200024,400108,c204208,240020,), Prob:8
([26,25,],[],[],[],)->([],[7,6,],[26,25,7,6,],[],)->([28,23,15,10,],[15,14,],[15,14,],[31,12,],)->([31,22,6,3,],[23,9,8,4,],[28,22,15,10,8,4,],[22,19,6,],)=(80400048,800310,10408510,480040,), Prob:8
([27,26,],[],[],[],)->([],[8,7,],[27,26,8,7,],[],)->([29,24,16,11,],[16,15,],[16,15,],[13,0,],)->([23,7,4,0,],[28,24,10,5,],[29,23,16,15,11,5,],[23,20,7,],)=(800091,11000420,20818820,900080,), Prob:8
([28,27,],[],[],[],)->([],[9,8,],[28,27,9,8,],[],)->([30,25,17,12,],[17,16,],[17,16,],[14,1,],)->([24,8,5,1,],[25,11,10,6,],[30,24,17,12,10,6,],[24,21,8,],)=(1000122,2000c40,41021440,1200100,), Prob:8
([29,28,],[],[],[],)->([],[10,9,],[29,28,10,9,],[],)->([31,26,18,13,],[18,17,],[18,17,],[15,2,],)->([25,9,6,2,],[30,26,12,7,],[31,25,18,17,13,7,],[25,22,9,],)=(2000244,44001080,82062080,2400200,), Prob:8
([30,29,],[],[],[],)->([],[11,],[30,11,],[],)->([27,26,19,14,13,0,],[19,],[19,],[16,3,],)->([26,10,7,3,2,],[31,27,13,8,],[31,19,14,13,8,0,],[26,23,10,],)=(400048c,88002100,80086101,4800400,), Prob:7
([31,30,],[],[],[],)->([],[12,11,],[31,30,12,11,],[],)->([28,20,15,1,],[20,19,],[20,19,],[17,4,],)->([27,11,8,4,],[28,14,9,],[27,20,15,9,1,],[27,24,11,],)=(8000910,10004200,8108202,9000800,), Prob:8
([],[0,],[],[],)->([],[13,],[13,],[],)->([29,28,2,],[21,],[21,],[18,],)->([12,9,5,4,],[15,14,10,2,],[29,15,14,10,],[28,25,],)=(1230,c404,2000c400,12000000,), Prob:4
([],[1,],[],[],)->([],[14,],[14,],[],)->([30,29,3,],[22,],[22,],[19,],)->([13,10,6,5,],[16,11,3,],[30,16,11,2,],[29,26,],)=(2460,10808,40010804,24000000,), Prob:4
([],[2,],[],[],)->([],[15,],[15,],[],)->([31,30,4,],[23,],[23,],[20,],)->([14,11,7,6,],[17,16,12,4,],[31,17,16,12,],[30,27,],)=(48c0,31010,80031000,48000000,), Prob:4
([],[3,],[],[],)->([],[16,],[16,],[],)->([5,4,0,],[24,],[24,],[21,20,],)->([15,14,12,11,8,],[18,13,5,],[18,13,0,],[31,30,28,27,],)=(d900,42020,42001,d8000000,), Prob:3
([],[4,],[],[],)->([],[17,],[17,],[],)->([6,1,0,],[25,],[25,],[22,],)->([16,15,13,9,],[19,14,6,],[19,14,5,1,],[31,29,0,],)=(1a200,84040,84022,a0000001,), Prob:4
([],[5,],[],[],)->([],[18,],[18,],[],)->([7,2,1,],[26,],[26,],[23,],)->([17,14,10,9,],[20,19,15,7,],[20,19,15,2,],[30,1,],)=(24600,188080,188004,40000002,), Prob:4
([],[6,],[],[],)->([],[19,],[19,],[],)->([8,3,2,],[27,],[27,],[24,],)->([18,15,11,10,],[21,16,8,],[21,16,7,3,],[31,2,],)=(48c00,210100,210088,80000004,), Prob:4
([],[7,],[],[],)->([],[20,],[20,],[],)->([9,4,3,],[28,],[28,],[25,],)->([19,18,16,12,],[22,17,9,],[22,17,8,4,],[3,2,0,],)=(d1000,420200,420110,d,), Prob:4
([],[8,],[],[],)->([],[21,],[21,],[],)->([10,5,4,],[29,],[29,],[26,],)->([20,19,17,13,],[23,18,10,],[23,18,9,5,],[4,3,1,],)=(1a2000,840400,840220,1a,), Prob:4
([],[9,],[],[],)->([],[22,],[22,],[],)->([11,6,5,],[30,],[30,],[27,],)->([21,20,18,14,],[24,23,19,11,],[24,23,19,6,],[5,4,2,],)=(344000,1880800,1880040,34,), Prob:4
([],[10,],[],[],)->([],[23,],[23,],[],)->([12,7,6,],[31,],[31,],[28,],)->([22,21,19,15,],[25,24,20,12,],[25,24,20,7,],[6,5,3,],)=(688000,3101000,3100080,68,), Prob:4
([],[11,],[],[],)->([],[24,],[24,],[],)->([13,8,7,],[0,],[0,],[29,],)->([23,20,16,],[26,25,21,13,],[26,25,21,8,],[7,4,],)=(910000,6202000,6200100,90,), Prob:3
([],[12,],[],[],)->([],[25,],[25,],[],)->([14,9,8,],[1,],[1,],[30,],)->([24,21,17,],[27,26,22,14,],[27,26,22,9,],[8,5,],)=(1220000,c404000,c400200,120,), Prob:4
([],[13,],[],[],)->([],[26,],[26,],[],)->([15,10,9,],[2,],[2,],[31,],)->([25,22,18,17,],[28,27,23,15,],[28,27,23,10,],[9,6,],)=(2460000,18808000,18800400,240,), Prob:4
([],[14,],[],[],)->([],[27,],[27,],[],)->([16,11,10,],[3,],[3,],[0,],)->([26,23,19,18,],[29,24,16,],[29,24,15,11,],[10,7,],)=(48c0000,21010000,21008800,480,), Prob:4
([],[15,],[],[],)->([],[28,],[28,],[],)->([17,12,11,],[4,],[4,],[1,],)->([27,26,24,20,],[30,25,17,],[30,25,16,12,],[11,10,8,],)=(d100000,42020000,42011000,d00,), Prob:4
([],[16,],[],[],)->([],[29,],[29,],[],)->([18,13,12,],[5,],[5,],[2,],)->([28,27,25,21,],[31,26,18,],[31,26,17,13,],[12,11,9,],)=(1a200000,84040000,84022000,1a00,), Prob:4
([],[17,],[],[],)->([],[30,],[30,],[],)->([19,14,13,],[6,],[6,],[3,],)->([29,28,26,22,],[27,19,0,],[27,18,14,0,],[13,12,10,],)=(34400000,8080001,8044001,3400,), Prob:4
([],[18,],[],[],)->([],[31,],[31,],[],)->([20,15,14,],[7,],[7,],[4,],)->([30,27,23,22,],[28,20,1,],[28,19,15,1,],[14,11,],)=(48c00000,10100002,10088002,4800,), Prob:4
([],[19,],[],[],)->([],[0,],[0,],[],)->([21,16,],[8,],[8,],[5,],)->([31,28,24,23,],[29,28,21,2,],[29,28,20,16,2,],[15,12,],)=(91800000,30200004,30110004,9000,), Prob:3
([],[20,],[],[],)->([],[1,],[1,],[],)->([22,17,16,],[9,],[9,],[6,],)->([29,25,24,0,],[30,22,3,2,],[30,17,3,2,],[16,13,],)=(23000001,4040000c,4002000c,12000,), Prob:4
([],[21,],[],[],)->([],[2,],[2,],[],)->([23,18,17,],[10,],[10,],[7,],)->([30,26,25,1,],[31,23,4,],[31,22,18,4,],[17,14,],)=(46000002,80800010,80440010,24000,), Prob:4
([],[22,],[],[],)->([],[3,],[3,],[],)->([24,19,18,],[11,],[11,],[8,],)->([31,27,26,2,],[24,5,4,0,],[19,5,4,0,],[18,15,],)=(8c000004,1000031,80031,48000,), Prob:4
([],[23,],[],[],)->([],[4,],[4,],[],)->([25,20,19,],[12,],[12,],[9,],)->([28,3,2,0,],[25,6,1,],[24,20,6,1,],[19,18,16,],)=(1000000d,2000042,1100042,d0000,), Prob:4
([],[24,],[],[],)->([],[5,],[5,],[],)->([26,21,20,],[13,],[13,],[10,],)->([29,4,3,1,],[26,7,2,],[25,21,7,2,],[20,19,17,],)=(2000001a,4000084,2200084,1a0000,), Prob:4
([],[25,],[],[],)->([],[6,],[6,],[],)->([27,22,21,],[14,],[14,],[11,],)->([30,5,4,2,],[27,8,3,],[26,22,8,3,],[21,20,18,],)=(40000034,8000108,4400108,340000,), Prob:4
([],[26,],[],[],)->([],[7,],[7,],[],)->([28,23,22,],[15,],[15,],[12,],)->([31,6,5,3,],[28,9,4,],[27,23,9,4,],[22,21,19,],)=(80000068,10000210,8800210,680000,), Prob:4
([],[27,],[],[],)->([],[8,],[8,],[],)->([29,24,23,],[16,],[16,],[13,],)->([31,7,4,0,],[29,10,5,],[28,24,10,5,],[23,20,],)=(80000091,20000420,11000420,900000,), Prob:4
([],[28,],[],[],)->([],[9,],[9,],[],)->([30,25,24,],[17,],[17,],[14,],)->([8,7,5,1,],[30,11,6,],[29,25,11,6,],[24,23,21,],)=(1a2,40000840,22000840,1a00000,), Prob:4
([],[29,],[],[],)->([],[10,],[10,],[],)->([31,26,25,],[18,],[18,],[15,],)->([9,6,2,1,],[31,12,7,],[30,26,12,7,],[25,22,],)=(246,80001080,44001080,2400000,), Prob:4
([],[30,],[],[],)->([],[11,],[11,],[],)->([27,26,0,],[19,],[19,],[16,],)->([10,7,3,2,],[13,8,0,],[27,13,8,],[26,23,],)=(48c,2101,8002100,4800000,), Prob:3
([],[31,],[],[],)->([],[12,],[12,],[],)->([28,27,1,],[20,],[20,],[17,],)->([11,10,8,4,],[14,9,1,],[28,14,9,],[27,26,24,],)=(d10,4202,10004200,d000000,), Prob:4
([],[1,0,],[],[],)->([],[14,13,],[14,13,],[],)->([30,3,],[22,21,],[22,21,],[19,],)->([13,10,6,],[16,11,10,3,2,],[30,16,11,10,],[29,26,],)=(2440,10c0c,40010c00,24000000,), Prob:4
([],[2,1,],[],[],)->([],[15,14,],[15,14,],[],)->([31,30,4,3,],[23,22,],[23,22,],[20,19,],)->([14,11,10,7,],[17,12,4,3,],[31,17,12,3,],[30,27,26,],)=(4c80,21018,80021008,4c000000,), Prob:4
([],[3,2,],[],[],)->([],[16,15,],[16,15,],[],)->([5,0,],[24,23,],[24,23,],[21,],)->([15,12,8,],[18,13,5,4,],[18,13,0,],[31,28,],)=(9100,42030,42001,90000000,), Prob:3
([],[4,3,],[],[],)->([],[17,16,],[17,16,],[],)->([6,1,],[25,24,],[25,24,],[22,],)->([16,13,9,],[19,14,6,5,],[19,14,1,],[29,0,],)=(12200,84060,84002,20000001,), Prob:4
([],[5,4,],[],[],)->([],[18,17,],[18,17,],[],)->([7,2,],[26,25,],[26,25,],[23,],)->([17,14,10,],[20,19,15,7,6,],[20,19,15,6,2,1,],[30,1,],)=(24400,1880c0,188046,40000002,), Prob:4
([],[6,5,],[],[],)->([],[19,18,],[19,18,],[],)->([8,3,],[27,26,],[27,26,],[24,],)->([18,15,11,],[21,20,16,8,7,],[21,20,16,7,3,2,],[31,2,],)=(48800,310180,31008c,80000004,), Prob:4
([],[7,6,],[],[],)->([],[20,19,],[20,19,],[],)->([9,4,],[28,27,],[28,27,],[25,],)->([19,16,12,],[22,17,9,8,],[22,17,4,3,],[3,0,],)=(91000,420300,420018,9,), Prob:4
([],[8,7,],[],[],)->([],[21,20,],[21,20,],[],)->([10,9,5,4,],[29,28,],[29,28,],[26,25,],)->([20,17,16,13,],[23,18,10,9,],[23,18,9,5,],[4,1,0,],)=(132000,840600,840220,13,), Prob:4
([],[9,8,],[],[],)->([],[22,21,],[22,21,],[],)->([11,10,6,5,],[30,29,],[30,29,],[27,26,],)->([21,18,17,14,],[24,19,11,10,],[24,19,10,6,],[5,2,1,],)=(264000,1080c00,1080440,26,), Prob:4
([],[10,9,],[],[],)->([],[23,22,],[23,22,],[],)->([12,11,7,6,],[31,30,],[31,30,],[28,27,],)->([22,19,18,15,],[25,20,12,11,],[25,20,11,7,],[6,3,2,],)=(4c8000,2101800,2100880,4c,), Prob:4
([],[11,10,],[],[],)->([],[24,23,],[24,23,],[],)->([13,8,],[31,0,],[31,0,],[29,],)->([23,22,21,20,16,15,],[26,25,21,20,13,12,],[26,25,21,20,12,8,],[7,6,5,4,],)=(f18000,6303000,6301100,f0,), Prob:4
([],[12,11,],[],[],)->([],[25,24,],[25,24,],[],)->([14,9,],[1,0,],[1,0,],[30,],)->([24,21,17,],[27,26,22,14,13,],[27,26,22,13,9,8,],[8,5,],)=(1220000,c406000,c402300,120,), Prob:4
([],[13,12,],[],[],)->([],[26,25,],[26,25,],[],)->([15,10,],[2,1,],[2,1,],[31,],)->([25,22,18,],[28,23,15,14,],[28,23,10,9,],[9,6,],)=(2440000,1080c000,10800600,240,), Prob:4
([],[14,13,],[],[],)->([],[27,26,],[27,26,],[],)->([16,11,],[3,2,],[3,2,],[0,],)->([26,23,19,],[29,24,16,15,],[29,24,11,10,],[10,7,],)=(4880000,21018000,21000c00,480,), Prob:4
([],[15,14,],[],[],)->([],[28,27,],[28,27,],[],)->([17,16,12,11,],[4,3,],[4,3,],[1,0,],)->([27,24,23,20,],[30,25,17,16,],[30,25,16,12,],[11,8,7,],)=(9900000,42030000,42011000,980,), Prob:4
([],[16,15,],[],[],)->([],[29,28,],[29,28,],[],)->([18,17,13,12,],[5,4,],[5,4,],[2,1,],)->([28,25,24,21,],[31,26,18,17,],[31,26,17,13,],[12,9,8,],)=(13200000,84060000,84022000,1300,), Prob:4
([],[17,16,],[],[],)->([],[30,29,],[30,29,],[],)->([19,14,],[6,5,],[6,5,],[3,],)->([29,26,22,],[27,19,18,0,],[27,14,13,0,],[13,10,],)=(24400000,80c0001,8006001,2400,), Prob:4
([],[18,17,],[],[],)->([],[31,30,],[31,30,],[],)->([20,19,15,14,],[7,6,],[7,6,],[4,3,],)->([30,27,26,23,],[28,20,19,1,],[28,19,15,1,],[14,11,10,],)=(4c800000,10180002,10088002,4c00,), Prob:4
([],[19,18,],[],[],)->([],[31,0,],[31,0,],[],)->([21,20,16,15,14,],[8,7,],[8,7,],[5,4,],)->([31,28,27,24,],[29,28,21,20,2,],[29,28,20,16,2,],[15,12,11,],)=(99000000,30300004,30110004,9800,), Prob:5
([],[20,19,],[],[],)->([],[1,0,],[1,0,],[],)->([22,17,16,],[9,8,],[9,8,],[6,],)->([29,25,0,],[30,22,21,3,],[30,17,3,],[16,13,],)=(22000001,40600008,40020008,12000,), Prob:4
([],[21,20,],[],[],)->([],[2,1,],[2,1,],[],)->([23,18,],[10,9,],[10,9,],[7,],)->([30,26,1,],[31,30,23,22,4,],[31,30,18,4,],[17,14,],)=(44000002,c0c00010,c0040010,24000,), Prob:4
([],[22,21,],[],[],)->([],[3,2,],[3,2,],[],)->([24,23,19,18,],[11,10,],[11,10,],[8,7,],)->([31,30,27,2,],[24,23,5,0,],[23,19,5,0,],[18,15,14,],)=(c8000004,1800021,880021,4c000,), Prob:4
([],[23,22,],[],[],)->([],[4,3,],[4,3,],[],)->([25,20,],[12,11,],[12,11,],[9,],)->([28,3,0,],[25,24,6,1,],[20,19,6,1,],[19,16,],)=(10000009,3000042,180042,90000,), Prob:4
([],[24,23,],[],[],)->([],[5,4,],[5,4,],[],)->([26,21,],[13,12,],[13,12,],[10,],)->([29,4,1,],[26,25,7,2,],[21,20,7,2,],[20,17,],)=(20000012,6000084,300084,120000,), Prob:4
([],[25,24,],[],[],)->([],[6,5,],[6,5,],[],)->([27,22,],[14,13,],[14,13,],[11,],)->([30,5,2,],[27,26,8,3,],[22,21,8,3,],[21,18,],)=(40000024,c000108,600108,240000,), Prob:4
([],[26,25,],[],[],)->([],[7,6,],[7,6,],[],)->([28,23,],[15,14,],[15,14,],[12,],)->([31,6,3,],[28,27,9,4,],[23,22,9,4,],[22,19,],)=(80000048,18000210,c00210,480000,), Prob:4
([],[27,26,],[],[],)->([],[8,7,],[8,7,],[],)->([29,24,],[16,15,],[16,15,],[13,],)->([7,4,0,],[29,28,10,5,],[24,23,10,5,],[23,20,],)=(91,30000420,1800420,900000,), Prob:4
([],[28,27,],[],[],)->([],[9,8,],[9,8,],[],)->([30,25,],[17,16,],[17,16,],[14,],)->([8,5,1,],[30,29,11,10,6,],[29,25,24,11,10,6,],[24,21,],)=(122,60000c40,23000c40,1200000,), Prob:4
([],[29,28,],[],[],)->([],[10,9,],[10,9,],[],)->([31,26,],[18,17,],[18,17,],[15,],)->([9,6,2,],[31,30,12,7,],[26,25,12,7,],[25,22,],)=(244,c0001080,6001080,2400000,), Prob:4
([],[30,29,],[],[],)->([],[11,10,],[11,10,],[],)->([27,0,],[19,18,],[19,18,],[16,],)->([10,7,3,],[31,13,8,0,],[31,27,26,13,8,],[26,23,],)=(488,80002101,8c002100,4800000,), Prob:3
([],[31,30,],[],[],)->([],[12,11,],[12,11,],[],)->([28,1,],[20,19,],[20,19,],[17,],)->([11,8,4,],[14,9,8,1,0,],[28,14,9,8,0,],[27,24,],)=(910,4303,10004301,9000000,), Prob:4
([],[],[0,],[],)->([23,16,],[],[],[7,],)->([28,],[31,30,24,],[31,30,24,23,16,15,],[12,],)->([22,8,7,3,0,],[12,11,9,5,],[28,27,12,11,9,5,],[31,23,19,6,],)=(400189,1a20,18001a20,80880040,), Prob:6
([],[],[1,],[],)->([24,23,17,],[],[],[8,7,],)->([29,28,],[25,0,],[25,24,17,16,0,],[13,12,],)->([23,15,9,4,3,1,],[13,10,6,],[29,13,10,6,],[31,24,20,19,7,0,],)=(80821a,2440,20002440,81180081,), Prob:6
([],[],[2,],[],)->([25,24,18,],[],[],[9,8,],)->([30,29,],[26,1,],[26,25,18,17,1,],[14,13,],)->([24,10,9,5,4,2,],[14,11,7,],[30,14,11,7,],[25,21,20,8,1,],)=(1000634,4880,40004880,2300102,), Prob:7
([],[],[3,],[],)->([26,25,19,],[],[],[10,9,],)->([31,30,],[27,2,],[27,26,19,18,2,],[15,14,],)->([25,17,11,10,6,5,3,],[15,12,8,],[31,15,12,8,],[26,22,21,9,2,],)=(2020c68,9100,80009100,4600204,), Prob:7
([],[],[4,],[],)->([27,20,19,],[],[],[11,],)->([0,],[28,3,2,],[28,27,20,3,2,],[16,],)->([26,12,11,7,4,3,],[16,15,13,9,],[16,15,13,9,0,],[27,23,10,3,],)=(4001898,1a200,1a201,8800408,), Prob:6
([],[],[5,],[],)->([28,21,20,],[],[],[12,],)->([1,],[29,28,4,3,],[29,21,20,4,3,],[17,],)->([27,13,8,5,],[17,16,14,10,9,],[17,16,14,10,9,1,],[28,24,11,4,],)=(8002120,34600,34602,11000810,), Prob:7
([],[],[6,],[],)->([29,22,21,],[],[],[13,],)->([2,],[30,29,5,4,],[30,22,21,5,4,],[18,],)->([28,14,9,6,],[18,17,15,11,10,],[18,17,15,11,10,2,1,],[29,25,12,5,],)=(10004240,68c00,68c06,22001020,), Prob:7
([],[],[7,],[],)->([30,29,23,],[],[],[14,13,],)->([3,2,],[31,6,],[31,30,23,22,6,],[19,18,],)->([29,21,15,14,10,9,7,],[19,16,12,],[19,16,12,3,],[30,26,25,13,6,],)=(2020c680,91000,91008,46002040,), Prob:7
([],[],[8,],[],)->([31,30,24,],[],[],[15,14,],)->([4,3,],[31,7,0,],[24,7,0,],[20,19,],)->([30,29,16,15,14,11,10,8,],[20,17,13,12,],[20,17,13,12,4,],[31,30,27,26,14,13,7,],)=(6001cd00,123000,123010,cc006080,), Prob:6
([],[],[9,],[],)->([25,24,0,],[],[],[16,],)->([5,],[8,1,],[25,8,1,0,],[21,],)->([31,17,12,9,8,],[21,18,14,],[21,18,14,5,4,],[28,15,8,7,0,],)=(80021300,244000,244030,10008181,), Prob:6
([],[],[10,],[],)->([26,1,0,],[],[],[17,16,],)->([6,5,],[9,2,],[26,25,9,2,1,],[22,21,],)->([24,18,17,13,12,10,0,],[22,19,15,],[22,19,15,6,],[29,28,16,9,1,],)=(1063401,488000,488040,30010202,), Prob:7
([],[],[11,],[],)->([27,26,2,],[],[],[18,],)->([7,],[10,9,3,],[27,10,9,3,2,],[23,],)->([19,18,14,11,10,1,],[23,22,20,16,],[23,22,20,16,7,6,],[30,17,10,2,],)=(c4c02,d10000,d100c0,40020404,), Prob:7
([],[],[12,],[],)->([28,27,3,],[],[],[19,],)->([8,],[11,10,4,],[28,11,10,4,3,],[24,],)->([20,19,15,12,11,2,],[24,23,21,17,],[24,23,21,17,8,7,],[31,18,11,3,],)=(189804,1a20000,1a20180,80040808,), Prob:7
([],[],[13,],[],)->([29,28,4,],[],[],[20,],)->([9,],[12,11,5,],[29,12,11,5,4,],[25,],)->([21,20,16,13,12,3,],[25,24,22,21,18,],[25,24,22,21,18,9,],[19,12,4,0,],)=(313008,3640000,3640200,81011,), Prob:7
([],[],[14,],[],)->([30,29,5,],[],[],[21,],)->([10,],[13,12,6,],[30,13,12,6,5,],[26,],)->([22,21,20,17,14,4,],[26,25,23,22,19,],[26,25,23,22,19,10,],[20,13,5,4,1,],)=(724010,6c80000,6c80400,102032,), Prob:7
([],[],[15,],[],)->([31,30,6,],[],[],[22,],)->([11,],[14,13,7,],[31,14,13,7,6,],[27,],)->([23,22,21,18,15,5,],[27,26,24,20,],[27,26,24,20,11,10,],[21,14,6,5,2,],)=(e48020,d100000,d100c00,204064,), Prob:7
([],[],[16,],[],)->([7,6,0,],[],[],[23,22,],)->([12,11,],[15,8,],[15,8,7,0,],[28,27,],)->([24,19,18,16,6,],[28,25,21,],[28,25,21,12,],[22,15,14,7,3,2,],)=(10d0040,12200000,12201000,40c08c,), Prob:5
([],[],[17,],[],)->([8,7,1,],[],[],[24,23,],)->([13,12,],[16,9,],[16,9,8,1,0,],[29,28,],)->([25,20,19,17,7,],[29,26,22,],[29,26,22,13,],[23,16,15,8,4,3,],)=(21a0080,24400000,24402000,818118,), Prob:7
([],[],[18,],[],)->([9,8,2,],[],[],[25,24,],)->([14,13,],[17,10,],[17,10,9,2,1,],[30,29,],)->([26,25,21,20,18,8,7,],[30,27,23,],[30,27,23,14,],[24,23,17,9,5,4,],)=(6340180,48800000,48804000,1820230,), Prob:7
([],[],[19,],[],)->([10,9,3,],[],[],[26,25,],)->([15,14,],[18,11,],[18,11,10,3,2,],[31,30,],)->([27,26,22,21,19,9,1,],[31,28,24,],[31,28,24,15,],[25,18,10,6,5,],)=(c680202,91000000,91008000,2040460,), Prob:7
([],[],[20,],[],)->([11,10,4,],[],[],[27,26,],)->([16,15,],[19,12,],[19,12,11,4,3,],[31,0,],)->([28,23,22,20,10,],[29,25,0,],[29,25,16,0,],[26,19,18,11,7,6,],)=(10d00400,22000001,22010001,40c08c0,), Prob:7
([],[],[21,],[],)->([12,5,4,],[],[],[28,],)->([17,],[20,19,13,],[20,19,13,12,5,],[1,],)->([29,28,27,24,21,11,],[30,26,1,0,],[30,26,17,16,1,0,],[27,20,12,11,8,],)=(39200800,44000003,44030003,8101900,), Prob:7
([],[],[22,],[],)->([13,6,5,],[],[],[29,],)->([18,],[21,20,14,],[21,20,14,13,6,],[2,],)->([30,29,25,22,21,12,],[31,27,2,1,],[31,27,18,17,2,1,],[28,21,13,9,],)=(62601000,88000006,88060006,10202200,), Prob:7
([],[],[23,],[],)->([14,13,7,],[],[],[30,29,],)->([19,18,],[22,15,],[22,15,14,7,6,],[3,2,],)->([31,26,25,23,13,],[28,3,0,],[28,19,3,0,],[29,22,21,14,10,9,],)=(86802000,10000009,10080009,20604600,), Prob:7
([],[],[24,],[],)->([15,8,7,],[],[],[31,],)->([20,],[23,22,16,],[23,22,16,15,8,],[4,],)->([31,27,24,23,14,0,],[29,4,3,1,],[29,20,19,4,3,1,],[30,23,15,11,],)=(89804001,2000001a,2018001a,40808800,), Prob:7
([],[],[25,],[],)->([16,15,9,],[],[],[31,0,],)->([21,20,],[24,17,],[24,17,16,9,8,],[5,4,],)->([28,27,25,15,1,],[30,5,2,],[30,21,5,2,],[31,24,23,16,12,11,],)=(1a008002,40000024,40200024,81811800,), Prob:7
([],[],[26,],[],)->([17,10,9,],[],[],[1,],)->([22,],[25,24,18,],[25,24,18,17,10,],[6,],)->([29,26,25,16,2,1,],[31,6,5,3,],[31,22,21,6,5,3,],[25,17,13,0,],)=(26010006,80000068,80600068,2022001,), Prob:7
([],[],[27,],[],)->([18,17,11,],[],[],[2,1,],)->([23,22,],[26,19,],[26,19,18,11,10,],[7,6,],)->([30,29,27,17,3,],[7,4,0,],[23,7,4,0,],[26,25,18,14,13,1,],)=(68020008,91,800091,6046002,), Prob:7
([],[],[28,],[],)->([19,18,12,],[],[],[3,2,],)->([24,23,],[27,20,],[27,20,19,12,11,],[8,7,],)->([31,30,28,18,10,4,3,],[8,5,1,],[24,8,5,1,],[27,19,15,14,2,],)=(d0040418,122,1000122,808c004,), Prob:7
([],[],[29,],[],)->([20,19,13,],[],[],[4,3,],)->([25,24,],[28,21,],[28,21,20,13,12,],[9,8,],)->([31,29,19,5,0,],[9,6,2,],[25,9,6,2,],[28,27,20,16,15,3,],)=(a0080021,244,2000244,18118008,), Prob:7
([],[],[30,],[],)->([21,20,14,],[],[],[5,4,],)->([26,25,],[29,22,],[29,22,21,14,13,],[10,9,],)->([30,20,12,6,5,1,0,],[10,7,3,],[26,10,7,3,],[29,21,17,16,4,],)=(40101063,488,4000488,20230010,), Prob:7
([],[],[31,],[],)->([22,21,15,],[],[],[6,5,],)->([27,26,],[30,23,],[30,23,22,15,14,],[11,10,],)->([31,21,20,7,6,2,1,],[11,8,4,],[27,11,8,4,],[30,22,18,17,5,4,],)=(803000c6,910,8000910,40460030,), Prob:7
([],[],[1,0,],[],)->([24,23,17,],[],[],[8,7,],)->([29,28,],[25,0,],[25,24,17,16,0,],[13,12,],)->([23,15,9,4,3,1,],[13,10,6,],[29,13,10,6,],[31,24,20,19,7,0,],)=(80821a,2440,20002440,81180081,), Prob:6
([],[],[2,1,],[],)->([25,18,],[],[],[9,],)->([30,],[26,1,0,],[26,25,18,17,1,0,],[14,],)->([24,10,9,5,2,],[14,13,11,7,],[30,29,14,13,11,7,],[25,21,8,1,],)=(1000624,6880,60006880,2200102,), Prob:7
([],[],[3,2,],[],)->([26,19,],[],[],[10,],)->([31,],[27,2,1,],[27,26,19,18,2,1,],[15,],)->([25,11,10,6,3,],[15,14,12,8,],[31,30,15,14,12,8,],[26,22,9,2,],)=(2000c48,d100,c000d100,4400204,), Prob:7
([],[],[4,3,],[],)->([27,20,],[],[],[11,],)->([0,],[28,3,2,],[28,27,20,19,3,2,],[16,],)->([26,12,11,7,4,],[16,15,13,9,],[16,15,13,9,0,],[27,23,10,3,],)=(4001890,1a200,1a201,8800408,), Prob:6
([],[],[5,4,],[],)->([28,21,],[],[],[12,],)->([1,],[29,28,4,3,],[29,21,4,3,],[17,],)->([27,13,11,8,5,],[17,16,14,10,9,],[17,16,14,10,9,1,],[28,27,24,11,4,],)=(8002920,34600,34602,19000810,), Prob:7
([],[],[6,5,],[],)->([29,28,22,21,],[],[],[13,12,],)->([2,1,],[30,29,5,],[30,22,21,5,],[18,17,],)->([28,14,13,9,8,6,],[18,15,11,10,],[18,15,11,10,2,],[29,25,24,12,5,4,],)=(10006340,48c00,48c04,23001030,), Prob:7
([],[],[7,6,],[],)->([30,29,23,22,],[],[],[14,13,],)->([3,2,],[31,30,6,],[31,23,22,6,],[19,18,],)->([29,15,14,10,9,7,],[19,16,12,11,],[19,16,12,11,3,],[30,26,25,13,6,5,],)=(2000c680,91800,91808,46002060,), Prob:7
([],[],[8,7,],[],)->([31,30,24,23,],[],[],[15,14,],)->([4,3,],[31,7,0,],[24,23,7,0,],[20,19,],)->([30,22,16,15,11,10,8,],[20,17,13,12,],[20,17,13,12,4,],[31,27,26,14,7,],)=(40418d00,123000,123010,8c004080,), Prob:6
([],[],[9,8,],[],)->([25,0,],[],[],[16,],)->([5,],[8,1,],[25,24,8,1,0,],[21,],)->([31,23,17,12,9,],[21,18,14,],[21,18,14,5,4,],[28,15,8,0,],)=(80821200,244000,244030,10008101,), Prob:6
([],[],[10,9,],[],)->([26,1,],[],[],[17,],)->([6,],[9,2,],[26,25,9,2,1,],[22,],)->([18,13,10,0,],[22,19,15,],[22,19,15,6,5,],[29,16,9,8,1,],)=(42401,488000,488060,20010302,), Prob:7
([],[],[11,10,],[],)->([27,26,2,1,],[],[],[18,17,],)->([7,6,],[10,3,],[27,10,3,2,],[23,22,],)->([19,14,13,11,10,1,],[23,20,16,],[23,20,16,7,],[30,29,17,10,9,2,],)=(86c02,910000,910080,60020604,), Prob:7
([],[],[12,11,],[],)->([28,3,],[],[],[19,],)->([8,],[11,10,4,3,],[28,11,10,4,],[24,],)->([20,15,12,11,2,],[24,23,21,17,16,],[24,23,21,17,16,8,7,],[31,18,11,3,],)=(109804,1a30000,1a30180,80040808,), Prob:7
([],[],[13,12,],[],)->([29,28,4,3,],[],[],[20,19,],)->([9,8,],[12,5,],[29,12,5,4,],[25,24,],)->([21,16,15,13,12,3,],[25,22,18,],[25,22,18,9,],[31,19,12,11,4,0,],)=(21b008,2440000,2440200,80081811,), Prob:7
([],[],[14,13,],[],)->([30,5,],[],[],[21,],)->([10,],[13,12,6,],[30,29,13,12,6,5,],[26,],)->([22,21,17,14,4,],[26,25,23,22,19,],[26,25,23,22,19,10,],[20,13,5,1,],)=(624010,6c80000,6c80400,102022,), Prob:7
([],[],[15,14,],[],)->([31,30,6,5,],[],[],[22,21,],)->([11,10,],[14,7,],[31,14,7,6,],[27,26,],)->([23,22,21,18,17,15,5,4,],[27,24,20,],[27,24,20,11,],[21,20,14,6,5,2,1,],)=(e68030,9100000,9100800,304066,), Prob:7
([],[],[16,15,],[],)->([7,0,],[],[],[23,],)->([12,],[15,14,8,],[15,14,8,7,0,],[28,],)->([24,23,19,16,6,],[28,27,25,24,21,],[28,27,25,24,21,12,],[22,15,7,3,],)=(1890040,1b200000,1b201000,408088,), Prob:5
([],[],[17,16,],[],)->([8,1,],[],[],[24,],)->([13,],[16,15,9,8,],[16,15,9,1,],[29,],)->([25,20,17,7,],[29,28,26,25,22,21,],[29,28,26,25,22,21,13,],[23,16,8,4,],)=(2120080,36600000,36602000,810110,), Prob:7
([],[],[18,17,],[],)->([9,8,2,1,],[],[],[25,24,],)->([14,13,],[17,10,],[17,10,9,2,],[30,29,],)->([26,25,21,20,18,17,8,0,],[30,27,23,],[30,27,23,14,],[24,17,9,5,4,],)=(6360101,48800000,48804000,1020230,), Prob:7
([],[],[19,18,],[],)->([10,3,],[],[],[26,],)->([15,],[18,17,11,],[18,17,11,10,3,2,],[31,],)->([27,26,22,19,9,],[31,30,28,27,24,],[31,30,28,27,24,15,],[25,18,10,6,],)=(c480200,d9000000,d9008000,2040440,), Prob:7
([],[],[20,19,],[],)->([11,4,],[],[],[27,],)->([16,],[19,18,12,],[19,18,12,11,4,3,],[0,],)->([28,27,23,20,10,],[31,29,25,0,],[31,29,25,16,15,0,],[26,19,11,7,],)=(18900400,a2000001,a2018001,4080880,), Prob:7
([],[],[21,20,],[],)->([12,5,],[],[],[28,],)->([17,],[20,19,13,],[20,19,13,12,5,4,],[1,],)->([29,28,24,21,11,],[30,26,1,0,],[30,26,17,16,1,0,],[27,20,12,8,],)=(31200800,44000003,44030003,8101100,), Prob:7
([],[],[22,21,],[],)->([13,12,6,5,],[],[],[29,28,],)->([18,17,],[21,14,],[21,14,13,6,],[2,1,],)->([30,28,25,24,22,12,],[31,27,2,],[31,27,18,2,],[28,21,20,13,12,9,8,],)=(53401000,88000004,88040004,10303300,), Prob:7
([],[],[23,22,],[],)->([14,7,],[],[],[30,],)->([19,],[22,21,15,],[22,21,15,14,7,6,],[3,],)->([31,30,26,23,13,],[31,28,3,2,0,],[31,28,19,3,2,0,],[29,22,14,10,],)=(c4802000,9000000d,9008000d,20404400,), Prob:7
([],[],[24,23,],[],)->([15,8,],[],[],[31,],)->([20,],[23,22,16,],[23,22,16,15,8,7,],[4,],)->([31,27,24,14,0,],[29,4,3,1,],[29,20,19,4,3,1,],[30,23,15,11,],)=(89004001,2000001a,2018001a,40808800,), Prob:7
([],[],[25,24,],[],)->([16,9,],[],[],[0,],)->([21,],[24,23,17,],[24,23,17,16,9,8,],[5,],)->([28,25,15,1,0,],[30,5,4,2,],[30,21,20,5,4,2,],[31,24,16,12,],)=(12008003,40000034,40300034,81011000,), Prob:7
([],[],[26,25,],[],)->([17,16,10,9,],[],[],[1,0,],)->([22,21,],[25,18,],[25,18,17,10,],[6,5,],)->([29,28,26,25,16,8,2,1,],[31,6,3,],[31,22,6,3,],[25,17,13,12,0,],)=(36010106,80000048,80400048,2023001,), Prob:7
([],[],[27,26,],[],)->([18,17,11,10,],[],[],[2,1,],)->([23,22,],[26,19,],[26,19,18,11,],[7,6,],)->([30,29,27,17,9,3,2,1,],[7,4,0,],[23,7,4,0,],[26,18,17,14,13,1,],)=(6802020e,91,800091,4066002,), Prob:7
([],[],[28,27,],[],)->([19,18,12,11,],[],[],[3,2,],)->([24,23,],[27,20,],[27,20,19,12,],[8,7,],)->([31,30,28,27,18,10,4,3,],[8,5,1,],[24,8,5,1,],[27,19,15,14,2,],)=(d8040418,122,1000122,808c004,), Prob:7
([],[],[29,28,],[],)->([20,19,13,12,],[],[],[4,3,],)->([25,24,],[28,21,],[28,21,20,13,],[9,8,],)->([31,29,19,11,5,4,3,0,],[9,6,2,],[25,9,6,2,],[28,20,19,16,15,3,],)=(a0080839,244,2000244,10198008,), Prob:7
([],[],[30,29,],[],)->([21,20,14,13,],[],[],[5,4,],)->([26,25,],[29,22,],[29,22,21,14,],[10,9,],)->([30,29,20,6,1,0,],[10,7,3,],[26,10,7,3,],[29,28,21,17,16,4,],)=(60100043,488,4000488,30230010,), Prob:7
([],[],[31,30,],[],)->([22,15,],[],[],[6,],)->([27,],[30,29,23,],[30,29,23,22,15,14,],[11,],)->([31,21,7,6,2,],[11,10,8,4,],[27,26,11,10,8,4,],[30,22,18,5,],)=(802000c4,d10,c000d10,40440020,), Prob:7
([],[],[],[0,],)->([23,],[],[],[7,],)->([28,],[31,],[31,23,22,],[12,],)->([22,15,7,3,],[12,9,],[28,27,12,9,],[30,19,6,],)=(408088,1200,18001200,40080040,), Prob:4
([],[],[],[1,],)->([24,],[],[],[8,],)->([29,],[0,],[24,23,0,],[13,],)->([23,16,15,8,4,],[13,10,],[29,28,13,10,],[31,20,7,],)=(818110,2400,30002400,80100080,), Prob:3
([],[],[],[2,],)->([25,],[],[],[9,],)->([30,],[1,],[25,24,1,],[14,],)->([24,17,9,5,],[14,11,],[30,29,14,11,],[21,8,0,],)=(1020220,4800,60004800,200101,), Prob:4
([],[],[],[3,],)->([26,],[],[],[10,],)->([31,],[2,],[26,25,2,],[15,],)->([25,18,10,6,],[15,12,],[31,30,15,12,],[22,9,1,],)=(2040440,9000,c0009000,400202,), Prob:4
([],[],[],[4,],)->([27,],[],[],[11,],)->([0,],[3,],[27,26,3,],[16,],)->([26,19,11,7,],[16,13,],[16,13,0,],[23,10,2,],)=(4080880,12000,12001,800404,), Prob:3
([],[],[],[5,],)->([28,],[],[],[12,],)->([1,],[4,],[28,27,4,],[17,],)->([27,26,20,19,12,8,],[17,14,],[17,14,1,],[24,11,10,3,],)=(c181100,24000,24002,1000c08,), Prob:4
([],[],[],[6,],)->([29,],[],[],[13,],)->([2,],[5,],[29,28,5,],[18,],)->([28,21,13,9,],[18,15,],[18,15,2,1,],[25,12,4,],)=(10202200,48000,48006,2001010,), Prob:4
([],[],[],[7,],)->([30,],[],[],[14,],)->([3,],[6,],[30,29,6,],[19,],)->([29,22,14,10,],[19,16,15,],[19,16,15,3,],[26,13,5,],)=(20404400,98000,98008,4002020,), Prob:4
([],[],[],[8,],)->([31,],[],[],[15,],)->([4,],[7,],[31,30,7,],[20,],)->([30,23,15,11,],[20,17,16,],[20,17,16,4,],[27,14,6,],)=(40808800,130000,130010,8004040,), Prob:4
([],[],[],[9,],)->([0,],[],[],[16,],)->([5,],[8,],[8,0,],[21,],)->([31,24,16,12,],[21,18,],[21,18,5,4,],[28,15,7,],)=(81011000,240000,240030,10008080,), Prob:2
([],[],[],[10,],)->([1,],[],[],[17,],)->([6,],[9,],[9,1,],[22,],)->([25,17,13,0,],[22,19,],[22,19,6,5,],[29,16,8,],)=(2022001,480000,480060,20010100,), Prob:4
([],[],[],[11,],)->([2,],[],[],[18,],)->([7,],[10,],[10,2,1,],[23,],)->([26,18,14,1,],[23,20,],[23,20,7,6,],[30,17,9,],)=(4044002,900000,9000c0,40020200,), Prob:4
([],[],[],[12,],)->([3,],[],[],[19,],)->([8,],[11,],[11,3,2,],[24,],)->([27,19,15,2,],[24,21,20,],[24,21,20,8,],[31,18,10,],)=(8088004,1300000,1300100,80040400,), Prob:4
([],[],[],[13,],)->([4,],[],[],[20,],)->([9,],[12,],[12,4,3,],[25,],)->([28,20,16,3,],[25,22,21,],[25,22,21,9,],[19,11,0,],)=(10110008,2600000,2600200,80801,), Prob:4
([],[],[],[14,],)->([5,],[],[],[21,],)->([10,],[13,12,],[13,12,5,],[26,],)->([29,28,27,21,17,4,],[26,25,23,22,],[26,25,23,22,10,],[20,12,11,1,],)=(38220010,6c00000,6c00400,101802,), Prob:4
([],[],[],[15,],)->([6,],[],[],[22,],)->([11,],[14,13,],[14,13,6,],[27,],)->([30,29,22,21,18,5,],[27,26,24,23,],[27,26,24,23,11,],[21,13,2,],)=(60640020,d800000,d800800,202004,), Prob:4
([],[],[],[16,],)->([7,],[],[],[23,],)->([12,],[15,14,],[15,14,7,],[28,],)->([31,23,22,19,6,5,],[28,27,25,24,],[28,27,25,24,12,],[22,21,14,3,],)=(80c80060,1b000000,1b001000,604008,), Prob:4
([],[],[],[17,],)->([8,],[],[],[24,],)->([13,],[16,],[16,8,7,],[29,],)->([24,20,7,0,],[29,26,25,],[29,26,25,13,],[23,15,4,],)=(1100081,26000000,26002000,808010,), Prob:4
([],[],[],[18,],)->([9,],[],[],[25,],)->([14,],[17,],[17,9,8,],[30,],)->([25,21,8,1,],[30,27,26,],[30,27,26,14,],[24,16,5,],)=(2200102,4c000000,4c004000,1010020,), Prob:4
([],[],[],[19,],)->([10,],[],[],[26,],)->([15,],[18,],[18,10,9,],[31,],)->([26,22,9,2,],[31,28,27,],[31,28,27,15,],[25,17,6,],)=(4400204,98000000,98008000,2020040,), Prob:4
([],[],[],[20,],)->([11,],[],[],[27,],)->([16,],[19,],[19,11,10,],[0,],)->([27,23,10,3,],[29,28,0,],[29,28,16,0,],[26,18,7,],)=(8800408,30000001,30010001,4040080,), Prob:4
([],[],[],[21,],)->([12,],[],[],[28,],)->([17,],[20,],[20,12,11,],[1,],)->([28,24,11,4,],[30,1,],[30,17,16,1,],[27,19,8,],)=(11000810,40000002,40030002,8080100,), Prob:4
([],[],[],[22,],)->([13,],[],[],[29,],)->([18,],[21,],[21,13,12,],[2,],)->([29,25,12,5,],[31,30,2,],[31,30,18,2,],[28,20,9,],)=(22001020,c0000004,c0040004,10100200,), Prob:4
([],[],[],[23,],)->([14,],[],[],[30,],)->([19,],[22,],[22,14,13,],[3,],)->([30,26,13,6,],[31,3,0,],[31,19,3,0,],[29,21,10,],)=(44002040,80000009,80080009,20200400,), Prob:4
([],[],[],[24,],)->([15,],[],[],[31,],)->([20,],[23,],[23,15,14,],[4,],)->([31,27,14,7,],[4,1,],[20,19,4,1,],[30,22,11,],)=(88004080,12,180012,40400800,), Prob:4
([],[],[],[25,],)->([16,],[],[],[0,],)->([21,],[24,],[24,16,15,],[5,],)->([28,15,8,0,],[5,2,1,],[21,5,2,1,],[31,23,12,],)=(10008101,26,200026,80801000,), Prob:4
([],[],[],[26,],)->([17,],[],[],[1,],)->([22,],[25,],[25,17,16,],[6,],)->([29,16,9,1,],[6,3,2,],[22,6,3,2,],[24,13,0,],)=(20010202,4c,40004c,1002001,), Prob:4
([],[],[],[27,],)->([18,],[],[],[2,],)->([23,],[26,],[26,18,17,],[7,],)->([30,17,10,2,],[7,4,],[23,22,7,4,],[25,14,1,],)=(40020404,90,c00090,2004002,), Prob:4
([],[],[],[28,],)->([19,],[],[],[3,],)->([24,],[27,],[27,19,18,],[8,],)->([31,18,11,3,],[8,5,4,],[24,8,5,4,],[26,15,2,],)=(80040808,130,1000130,4008004,), Prob:4
([],[],[],[29,],)->([20,],[],[],[4,],)->([25,],[28,],[28,20,19,],[9,],)->([19,12,4,0,],[9,6,],[25,24,9,6,],[27,16,3,],)=(81011,240,3000240,8010008,), Prob:4
([],[],[],[30,],)->([21,],[],[],[5,],)->([26,],[29,],[29,21,20,],[10,],)->([20,13,5,1,],[10,7,],[26,25,10,7,],[28,17,4,],)=(102022,480,6000480,10020010,), Prob:4
([],[],[],[31,],)->([22,],[],[],[6,],)->([27,],[30,],[30,22,21,],[11,],)->([21,20,14,13,6,2,],[11,8,],[27,26,11,8,],[29,18,5,4,],)=(306044,900,c000900,20040030,), Prob:4
([],[],[],[1,0,],)->([24,23,],[],[],[8,7,],)->([29,28,],[0,],[24,0,],[13,12,],)->([23,16,15,14,8,4,3,],[13,10,],[29,13,10,],[31,30,20,19,7,],)=(81c118,2400,20002400,c0180080,), Prob:3
([],[],[],[2,1,],)->([25,24,],[],[],[9,8,],)->([30,29,],[1,],[25,1,],[14,13,],)->([24,17,9,8,5,4,],[14,11,],[30,14,11,],[21,20,8,0,],)=(1020330,4800,40004800,300101,), Prob:4
([],[],[],[3,2,],)->([26,25,],[],[],[10,9,],)->([31,30,],[2,],[26,2,],[15,14,],)->([25,18,10,9,6,5,],[15,12,],[31,15,12,],[22,21,9,1,],)=(2040660,9000,80009000,600202,), Prob:4
([],[],[],[4,3,],)->([27,26,],[],[],[11,10,],)->([31,0,],[3,],[27,3,],[16,15,],)->([26,19,11,10,7,6,],[16,13,12,],[31,30,16,13,12,0,],[23,22,10,2,],)=(4080cc0,13000,c0013001,c00404,), Prob:4
([],[],[],[5,4,],)->([28,27,],[],[],[12,11,],)->([1,0,],[4,],[28,4,],[17,16,],)->([27,20,12,11,8,7,],[17,14,],[17,14,1,],[24,23,11,3,],)=(8101980,24000,24002,1800808,), Prob:4
([],[],[],[6,5,],)->([29,28,],[],[],[13,12,],)->([2,1,],[5,],[29,5,],[18,17,],)->([28,21,19,13,9,8,],[18,15,],[18,15,2,],[25,24,12,4,3,],)=(10282300,48000,48004,3001018,), Prob:4
([],[],[],[7,6,],)->([30,29,],[],[],[14,13,],)->([3,2,],[6,],[30,6,],[19,18,],)->([29,22,14,13,10,9,],[19,16,],[19,16,3,],[26,25,13,5,],)=(20406600,90000,90008,6002020,), Prob:4
([],[],[],[8,7,],)->([31,30,],[],[],[15,14,],)->([4,3,],[7,6,],[31,30,7,6,],[20,19,],)->([30,23,22,15,11,10,],[20,19,17,],[20,19,17,4,],[27,26,14,6,],)=(40c08c00,1a0000,1a0010,c004040,), Prob:4
([],[],[],[9,8,],)->([31,0,],[],[],[16,15,],)->([5,4,],[8,7,],[31,30,8,7,0,],[21,20,],)->([31,24,23,22,16,15,12,11,],[21,20,18,],[21,20,18,5,],[28,27,15,7,6,],)=(81c19800,340000,340020,180080c0,), Prob:4
([],[],[],[10,9,],)->([1,0,],[],[],[17,16,],)->([6,5,],[9,8,],[9,8,1,],[22,21,],)->([25,24,17,13,12,0,],[22,21,19,],[22,21,19,6,],[29,28,16,8,],)=(3023001,680000,680040,30010100,), Prob:4
([],[],[],[11,10,],)->([2,1,],[],[],[18,17,],)->([7,6,],[10,],[10,2,],[23,22,],)->([26,18,17,14,13,1,],[23,20,],[23,20,7,],[30,29,17,9,],)=(4066002,900000,900080,60020200,), Prob:4
([],[],[],[12,11,],)->([3,2,],[],[],[19,18,],)->([8,7,],[11,],[11,3,],[24,23,],)->([27,26,25,19,15,14,2,1,],[24,21,],[24,21,8,],[31,30,18,17,10,9,],)=(e08c006,1200000,1200100,c0060600,), Prob:4
([],[],[],[13,12,],)->([4,3,],[],[],[20,19,],)->([9,8,],[12,11,],[12,11,4,3,],[25,24,],)->([28,27,20,16,15,3,],[25,24,22,],[25,24,22,9,],[31,19,11,0,],)=(18118008,3400000,3400200,80080801,), Prob:4
([],[],[],[14,13,],)->([5,4,],[],[],[21,20,],)->([10,9,],[13,12,],[13,12,5,4,],[26,25,],)->([29,28,21,17,16,4,],[26,25,23,],[26,25,23,10,],[20,12,1,0,],)=(30230010,6800000,6800400,101003,), Prob:4
([],[],[],[15,14,],)->([6,5,],[],[],[22,21,],)->([11,10,],[14,],[14,6,],[27,26,],)->([30,22,21,18,17,5,],[27,24,],[27,24,11,],[21,13,2,1,],)=(40660020,9000000,9000800,202006,), Prob:4
([],[],[],[16,15,],)->([7,6,],[],[],[23,22,],)->([12,11,],[15,],[15,7,],[28,27,],)->([31,29,23,19,18,6,],[28,25,],[28,25,12,],[22,14,13,3,2,],)=(a08c0040,12000000,12001000,40600c,), Prob:4
([],[],[],[17,16,],)->([8,7,],[],[],[24,23,],)->([13,12,],[16,15,],[16,15,8,7,],[29,28,],)->([31,24,20,19,7,0,],[29,28,26,],[29,28,26,13,],[23,15,4,3,],)=(81180081,34000000,34002000,808018,), Prob:4
([],[],[],[18,17,],)->([9,8,],[],[],[25,24,],)->([14,13,],[17,],[17,9,],[30,29,],)->([25,24,21,20,8,1,],[30,27,],[30,27,14,],[24,16,5,4,],)=(3300102,48000000,48004000,1010030,), Prob:4
([],[],[],[19,18,],)->([10,9,],[],[],[26,25,],)->([15,14,],[18,],[18,10,],[31,30,],)->([26,25,22,21,9,2,],[31,28,],[31,28,15,],[25,17,6,5,],)=(6600204,90000000,90008000,2020060,), Prob:4
([],[],[],[20,19,],)->([11,10,],[],[],[27,26,],)->([16,15,],[19,],[19,11,],[31,0,],)->([27,23,22,10,3,1,],[29,0,],[29,16,0,],[26,18,17,7,6,],)=(8c0040a,20000001,20010001,40600c0,), Prob:4
([],[],[],[21,20,],)->([12,11,],[],[],[28,27,],)->([17,16,],[20,],[20,12,],[1,0,],)->([28,24,23,11,4,2,],[30,1,],[30,17,1,],[27,19,18,8,7,],)=(11800814,40000002,40020002,80c0180,), Prob:4
([],[],[],[22,21,],)->([13,12,],[],[],[29,28,],)->([18,17,],[21,],[21,13,],[2,1,],)->([29,25,24,12,5,3,],[31,2,],[31,18,2,],[28,20,19,9,8,],)=(23001028,80000004,80040004,10180300,), Prob:4
([],[],[],[23,22,],)->([14,13,],[],[],[30,29,],)->([19,18,],[22,],[22,14,],[3,2,],)->([30,26,25,13,6,4,],[3,0,],[19,3,0,],[29,21,20,10,9,],)=(46002050,9,80009,20300600,), Prob:4
([],[],[],[24,23,],)->([15,14,],[],[],[31,30,],)->([20,19,],[23,],[23,15,],[4,3,],)->([31,27,26,14,7,5,],[4,1,],[20,4,1,],[30,22,21,11,10,],)=(8c0040a0,12,100012,40600c00,), Prob:4
([],[],[],[25,24,],)->([16,15,],[],[],[31,0,],)->([21,20,],[24,],[24,16,],[5,4,],)->([31,28,27,15,8,0,],[5,2,],[21,5,2,],[31,23,12,11,],)=(98008101,24,200024,80801800,), Prob:4
([],[],[],[26,25,],)->([17,16,],[],[],[1,0,],)->([22,21,],[25,],[25,17,],[6,5,],)->([29,28,16,9,1,0,],[6,3,],[22,6,3,],[24,13,12,0,],)=(30010203,48,400048,1003001,), Prob:4
([],[],[],[27,26,],)->([18,17,],[],[],[2,1,],)->([23,22,],[26,],[26,18,],[7,6,],)->([30,29,17,10,2,1,],[7,4,],[23,7,4,],[25,14,13,1,],)=(60020406,90,800090,2006002,), Prob:4
([],[],[],[28,27,],)->([19,18,],[],[],[3,2,],)->([24,23,],[27,],[27,19,],[8,7,],)->([31,30,18,11,9,3,],[8,5,],[24,8,5,],[26,25,15,14,2,],)=(c0040a08,120,1000120,600c004,), Prob:4
([],[],[],[29,28,],)->([20,19,],[],[],[4,3,],)->([25,24,],[28,],[28,20,],[9,8,],)->([31,19,12,4,3,0,],[9,6,],[25,9,6,],[27,16,15,3,],)=(80081019,240,2000240,8018008,), Prob:4
([],[],[],[30,29,],)->([21,20,],[],[],[5,4,],)->([26,25,],[29,],[29,21,],[10,9,],)->([20,13,5,4,1,0,],[10,7,],[26,10,7,],[28,17,16,4,],)=(102033,480,4000480,10030010,), Prob:4
([],[],[],[31,30,],)->([22,21,],[],[],[6,5,],)->([27,26,],[30,],[30,22,],[11,10,],)->([21,20,14,13,6,5,2,1,],[11,8,],[27,11,8,],[29,18,17,5,4,],)=(306066,900,8000900,20060030,), Prob:4