([27,22,4,],[28,27,22,],[31,22,19,9,0,],[31,27,22,14,9,],)->([30,16,11,3,],[30,3,],[4,],[4,],)->([],[],[16,11,],[11,],)->([0,],[],[],[],), Prob:17
([28,23,5,],[29,28,23,],[23,20,10,1,0,],[28,23,15,10,0,],)->([31,17,12,4,],[31,4,],[5,],[5,],)->([],[],[17,12,],[12,],)->([1,],[],[],[],), Prob:17
([30,29,24,6,],[30,29,24,],[24,21,11,2,1,],[29,24,16,11,1,],)->([18,13,5,0,],[5,0,],[6,],[6,],)->([],[],[18,13,],[13,],)->([2,],[],[],[],), Prob:18
([31,30,25,7,],[31,30,25,],[25,22,12,3,2,],[30,25,17,12,2,],)->([19,14,6,1,],[6,1,],[7,],[7,],)->([],[],[19,14,],[14,],)->([3,],[],[],[],), Prob:17
([31,26,8,0,],[31,26,0,],[26,23,13,4,3,],[31,26,18,13,3,],)->([20,15,7,2,],[7,2,],[8,],[8,],)->([],[],[20,15,],[15,],)->([4,],[],[],[],), Prob:16
([27,9,1,0,],[27,1,0,],[27,24,14,4,],[27,19,14,4,0,],)->([21,16,8,3,],[8,3,],[9,],[9,],)->([],[],[21,16,],[16,],)->([5,],[],[],[],), Prob:18
([28,10,2,1,],[28,2,1,],[28,25,15,5,],[28,20,15,5,1,],)->([22,17,9,4,],[9,4,],[10,],[10,],)->([],[],[22,17,],[17,],)->([6,],[],[],[],), Prob:18
([29,11,3,2,],[29,3,2,],[29,26,16,6,],[29,21,16,6,2,],)->([23,18,10,5,],[10,5,],[11,],[11,],)->([],[],[23,18,],[18,],)->([7,],[],[],[],), Prob:18
([31,30,12,4,3,],[30,4,3,],[31,30,27,17,7,],[30,22,17,7,3,],)->([24,19,11,6,],[11,6,],[12,],[12,],)->([],[],[24,19,],[19,],)->([8,],[],[],[],), Prob:18
([31,13,5,4,],[31,5,4,],[31,28,18,8,],[31,23,18,8,4,],)->([25,20,12,7,],[12,7,],[13,],[13,],)->([],[],[25,20,],[20,],)->([9,],[],[],[],), Prob:16
([14,6,5,0,],[6,5,0,],[29,19,10,9,0,],[24,19,9,5,0,],)->([26,21,13,8,],[13,8,],[14,],[14,],)->([],[],[26,21,],[21,],)->([10,],[],[],[],), Prob:18
([15,7,6,1,],[7,6,1,],[30,20,11,10,1,],[25,20,10,6,1,],)->([27,22,14,9,],[14,9,],[15,],[15,],)->([],[],[27,22,],[22,],)->([11,],[],[],[],), Prob:18
([16,8,7,2,],[8,7,2,],[31,21,12,11,2,],[26,21,11,7,2,],)->([28,23,15,10,],[15,10,],[16,],[16,],)->([],[],[28,23,],[23,],)->([12,],[],[],[],), Prob:17
([17,9,8,3,],[9,8,3,],[22,13,12,3,0,],[27,22,12,8,3,],)->([29,24,16,11,],[16,11,],[17,],[17,],)->([],[],[29,24,],[24,],)->([13,],[],[],[],), Prob:18
([18,9,4,],[9,4,],[23,14,13,4,1,],[28,23,13,9,4,],)->([30,25,17,12,],[18,17,12,],[18,],[18,],)->([],[],[31,30,25,],[25,],)->([14,],[],[],[],), Prob:18
([19,10,5,],[11,10,5,],[24,14,5,2,],[29,24,14,10,5,],)->([31,26,18,13,],[18,13,],[19,],[19,],)->([],[],[31,26,],[26,],)->([15,],[],[],[],), Prob:16
([20,12,11,6,],[12,11,6,],[25,16,15,6,3,],[30,25,15,11,6,],)->([27,19,14,0,],[19,14,],[20,],[20,],)->([],[],[27,0,],[27,],)->([16,],[],[],[],), Prob:18
([21,13,12,7,],[13,12,7,],[26,16,7,4,],[31,26,16,12,7,],)->([28,20,15,1,],[20,15,],[21,],[21,],)->([],[],[28,1,],[28,],)->([17,],[],[],[],), Prob:17
([22,14,13,8,],[14,13,8,],[27,18,17,8,5,],[27,17,13,8,0,],)->([29,21,16,2,],[21,16,],[22,],[22,],)->([],[],[29,2,],[29,],)->([18,],[],[],[],), Prob:18
([23,15,14,9,],[15,14,9,],[28,18,9,6,],[28,18,14,9,1,],)->([30,22,17,3,],[22,17,],[23,],[23,],)->([],[],[30,3,],[30,],)->([19,],[],[],[],), Prob:18
([24,16,15,10,],[16,15,10,],[29,19,10,7,],[29,19,15,10,2,],)->([31,23,18,4,],[23,18,],[24,],[24,],)->([],[],[31,4,],[31,],)->([20,],[],[],[],), Prob:16
([25,17,16,11,],[17,16,11,],[30,20,11,8,],[30,20,16,11,3,],)->([24,19,5,0,],[24,19,],[25,],[25,],)->([],[],[5,0,],[0,],)->([21,],[],[],[],), Prob:18
([26,18,17,12,],[18,17,12,],[31,21,12,9,],[31,21,17,12,4,],)->([25,20,6,1,],[25,20,],[26,],[26,],)->([],[],[6,1,],[1,],)->([22,],[],[],[],), Prob:17
([27,19,18,13,],[19,18,13,],[22,13,10,0,],[22,18,13,5,0,],)->([26,21,7,2,],[26,21,],[27,],[27,],)->([],[],[7,2,],[2,],)->([23,],[],[],[],), Prob:18
([28,20,19,14,],[20,19,14,],[23,14,11,1,],[23,19,14,6,1,],)->([27,22,8,3,],[27,22,],[28,],[28,],)->([],[],[8,3,],[3,],)->([24,],[],[],[],), Prob:18
([29,21,20,15,],[21,20,15,],[24,15,12,2,],[24,20,15,7,2,],)->([28,23,9,4,],[28,23,],[29,],[29,],)->([],[],[9,4,],[4,],)->([25,],[],[],[],), Prob:18
([30,22,21,16,],[22,21,16,],[25,16,13,3,],[25,21,16,8,3,],)->([29,24,10,5,],[29,24,],[30,],[30,],)->([],[],[10,5,],[5,],)->([26,],[],[],[],), Prob:18
([31,23,22,17,],[23,22,17,],[26,17,14,4,],[26,22,17,9,4,],)->([30,25,11,6,],[30,25,],[31,],[31,],)->([],[],[11,6,],[6,],)->([27,],[],[],[],), Prob:16
([24,23,18,0,],[24,23,18,],[27,18,15,5,],[27,23,18,10,5,],)->([31,26,12,7,],[31,26,],[0,],[0,],)->([],[],[12,7,],[7,],)->([28,],[],[],[],), Prob:17
([25,24,19,1,],[25,24,19,],[28,19,16,6,],[28,24,19,11,6,],)->([27,13,8,0,],[27,0,],[1,],[1,],)->([],[],[13,8,],[8,],)->([29,],[],[],[],), Prob:18
([26,25,20,2,],[26,25,20,],[29,20,17,7,],[29,25,20,12,7,],)->([28,14,9,1,],[28,1,],[2,],[2,],)->([],[],[14,9,],[9,],)->([30,],[],[],[],), Prob:18
([27,26,21,3,],[27,26,21,],[30,21,18,8,],[30,26,21,13,8,],)->([29,15,10,2,],[29,2,],[3,],[3,],)->([],[],[15,10,],[10,],)->([31,],[],[],[],), Prob:17
([25,8,3,0,],[25,3,0,],[28,27,22,],[28,22,],)->([11,],[11,],[8,1,],[1,],)->([24,],[24,],[],[],)->([],[0,],[],[],), Prob:12
([26,9,4,1,],[26,4,1,],[29,28,23,],[29,23,],)->([12,],[12,],[9,2,],[2,],)->([25,],[25,],[],[],)->([],[1,],[],[],), Prob:12
([27,10,5,2,],[27,5,2,],[31,30,29,24,],[30,24,],)->([13,],[13,],[10,3,],[3,],)->([26,],[26,],[],[],)->([],[2,],[],[],), Prob:12
([28,11,6,4,3,],[28,6,3,],[30,25,],[31,25,],)->([14,],[14,],[11,4,],[4,],)->([27,],[27,],[],[],)->([],[3,],[],[],), Prob:11
([29,12,7,5,4,],[29,7,4,],[31,26,0,],[26,0,],)->([15,],[15,],[12,5,],[5,],)->([28,],[28,],[],[],)->([],[4,],[],[],), Prob:11
([30,13,8,5,],[30,8,5,],[27,1,0,],[27,1,],)->([16,],[16,],[13,6,],[6,],)->([29,],[29,],[],[],)->([],[5,],[],[],), Prob:12
([31,14,9,7,6,],[31,9,6,],[28,1,],[28,2,],)->([17,],[17,],[14,7,],[7,],)->([30,],[30,],[],[],)->([],[6,],[],[],), Prob:11
([15,10,8,7,0,],[10,7,0,],[29,2,],[29,3,],)->([18,],[18,],[15,8,],[8,],)->([31,],[31,],[],[],)->([],[7,],[],[],), Prob:11
([16,11,9,8,1,],[11,8,1,],[30,4,3,],[30,4,],)->([19,],[19,],[16,9,],[9,],)->([0,],[0,],[],[],)->([],[8,],[],[],), Prob:12
([17,12,10,9,2,],[12,9,2,],[31,5,4,],[31,5,],)->([20,],[20,],[17,10,],[10,],)->([1,],[1,],[],[],)->([],[9,],[],[],), Prob:11
([18,13,11,10,3,],[13,10,3,],[5,0,],[6,0,],)->([21,],[21,],[18,11,],[11,],)->([2,],[2,],[],[],)->([],[10,],[],[],), Prob:12
([19,14,12,11,4,],[14,11,4,],[6,1,],[7,1,],)->([22,],[22,],[19,12,],[12,],)->([3,],[3,],[],[],)->([],[11,],[],[],), Prob:12
([20,15,13,12,5,],[15,12,5,],[7,2,],[8,2,],)->([23,],[23,],[20,13,],[13,],)->([4,],[4,],[],[],)->([],[12,],[],[],), Prob:12
([21,16,14,13,6,],[16,13,6,],[8,3,],[9,3,],)->([24,],[24,],[21,14,],[14,],)->([5,],[5,],[],[],)->([],[13,],[],[],), Prob:12
([22,17,14,7,],[17,14,7,],[10,9,4,],[10,4,],)->([25,],[25,],[22,15,],[15,],)->([6,],[6,],[],[],)->([],[14,],[],[],), Prob:12
([23,18,16,15,8,],[18,15,8,],[11,10,5,],[11,5,],)->([26,],[26,],[23,16,],[16,],)->([7,],[7,],[],[],)->([],[15,],[],[],), Prob:12
([24,19,17,16,9,],[19,16,9,],[12,11,6,],[12,6,],)->([27,],[27,],[24,17,],[17,],)->([8,],[8,],[],[],)->([],[16,],[],[],), Prob:12
([25,20,17,10,],[20,17,10,],[13,12,7,],[13,7,],)->([28,],[28,],[25,18,],[18,],)->([9,],[9,],[],[],)->([],[17,],[],[],), Prob:12
([26,21,19,18,11,],[21,18,11,],[13,8,],[14,8,],)->([29,],[29,],[26,19,],[19,],)->([10,],[10,],[],[],)->([],[18,],[],[],), Prob:12
([27,22,20,19,12,],[22,19,12,],[14,9,],[15,9,],)->([30,],[30,],[27,20,],[20,],)->([11,],[11,],[],[],)->([],[19,],[],[],), Prob:12
([28,23,21,20,13,],[23,20,13,],[16,15,10,],[16,10,],)->([31,],[31,],[28,21,],[21,],)->([12,],[12,],[],[],)->([],[20,],[],[],), Prob:11
([29,24,21,14,],[24,21,14,],[17,16,11,],[17,11,],)->([0,],[0,],[29,22,],[22,],)->([13,],[13,],[],[],)->([],[21,],[],[],), Prob:12
([30,25,23,22,15,],[25,22,15,],[18,17,12,],[18,12,],)->([1,],[1,],[30,23,],[23,],)->([14,],[14,],[],[],)->([],[22,],[],[],), Prob:12
([31,26,24,23,16,],[26,23,16,],[18,13,],[19,13,],)->([2,],[2,],[31,24,],[24,],)->([15,],[15,],[],[],)->([],[23,],[],[],), Prob:10
([27,25,24,17,0,],[27,24,17,],[19,14,],[20,14,],)->([3,],[3,],[25,0,],[25,],)->([16,],[16,],[],[],)->([],[24,],[],[],), Prob:12
([28,25,18,1,],[28,25,18,],[21,20,15,],[21,15,],)->([4,],[4,],[26,1,],[26,],)->([17,],[17,],[],[],)->([],[25,],[],[],), Prob:12
([29,26,19,2,],[29,26,19,],[22,21,16,],[22,16,],)->([5,],[5,],[27,2,],[27,],)->([18,],[18,],[],[],)->([],[26,],[],[],), Prob:12
([31,30,27,20,3,],[30,27,20,],[23,22,17,],[23,17,],)->([6,],[6,],[28,3,],[28,],)->([19,],[19,],[],[],)->([],[27,],[],[],), Prob:12
([31,28,21,4,],[31,28,21,],[24,23,18,],[24,18,],)->([7,],[7,],[29,4,],[29,],)->([20,],[20,],[],[],)->([],[28,],[],[],), Prob:11
([30,29,22,5,0,],[29,22,0,],[24,19,],[25,19,],)->([8,],[8,],[30,5,],[30,],)->([21,],[21,],[],[],)->([],[29,],[],[],), Prob:12
([30,23,6,1,],[30,23,1,],[26,25,20,],[26,20,],)->([9,],[9,],[31,6,],[31,],)->([22,],[22,],[],[],)->([],[30,],[],[],), Prob:10
([31,24,7,2,0,],[31,24,2,],[26,21,],[27,21,],)->([10,],[10,],[7,0,],[0,],)->([23,],[23,],[],[],)->([],[31,],[],[],), Prob:11
([25,16,3,1,0,],[25,8,3,0,],[28,27,22,4,],[28,22,4,],)->([11,],[11,],[16,8,1,],[9,1,],)->([24,0,],[24,],[],[],)->([],[],[0,],[],), Prob:17
([26,17,4,2,1,],[26,9,4,1,],[29,28,23,5,],[29,23,5,],)->([12,],[12,],[17,9,2,],[10,2,],)->([25,1,],[25,],[],[],)->([],[],[1,],[],), Prob:17
([27,18,5,2,],[27,10,5,2,],[30,29,24,6,],[30,24,6,],)->([13,],[13,],[18,10,3,],[11,3,],)->([26,2,],[26,],[],[],)->([],[],[2,],[],), Prob:17
([28,19,6,4,3,],[28,11,6,3,],[31,30,25,7,],[31,25,7,],)->([14,],[14,],[19,11,4,],[12,4,],)->([27,3,],[27,],[],[],)->([],[],[3,],[],), Prob:16
([29,20,7,5,4,],[29,12,7,4,],[31,26,8,0,],[26,8,0,],)->([15,],[15,],[20,12,5,],[13,5,],)->([28,4,],[28,],[],[],)->([],[],[4,],[],), Prob:16
([30,21,8,6,5,],[30,13,8,5,],[27,9,1,0,],[27,9,1,],)->([16,],[16,],[21,13,6,],[14,6,],)->([29,5,],[29,],[],[],)->([],[],[5,],[],), Prob:17
([31,22,9,7,6,],[31,14,9,6,],[28,10,2,1,],[28,10,2,],)->([17,],[17,],[22,14,7,],[15,7,],)->([30,6,],[30,],[],[],)->([],[],[6,],[],), Prob:16
([23,10,8,7,0,],[15,10,7,0,],[29,11,3,2,],[29,11,3,],)->([18,],[18,],[23,15,8,],[16,8,],)->([31,7,],[31,],[],[],)->([],[],[7,],[],), Prob:16
([24,11,8,1,],[16,11,8,1,],[30,12,4,3,],[30,12,4,],)->([19,],[19,],[24,16,9,],[17,9,],)->([8,0,],[0,],[],[],)->([],[],[8,],[],), Prob:17
([25,12,9,2,],[17,12,9,2,],[31,13,5,4,],[31,13,5,],)->([20,],[20,],[25,17,10,],[18,10,],)->([9,1,],[1,],[],[],)->([],[],[9,],[],), Prob:16
([26,13,10,3,],[18,13,10,3,],[14,6,5,0,],[14,6,0,],)->([21,],[21,],[26,18,11,],[19,11,],)->([10,2,],[2,],[],[],)->([],[],[10,],[],), Prob:17
([27,14,12,11,4,],[19,14,11,4,],[15,7,6,1,],[15,7,1,],)->([22,],[22,],[27,19,12,],[20,12,],)->([11,3,],[3,],[],[],)->([],[],[11,],[],), Prob:17
([28,15,12,5,],[20,15,12,5,],[16,7,2,],[16,8,2,],)->([23,],[23,],[28,20,13,],[21,13,],)->([12,4,],[4,],[],[],)->([],[],[12,],[],), Prob:17
([29,16,14,13,6,],[21,16,13,6,],[17,8,3,],[17,9,3,],)->([24,],[24,],[29,21,14,],[22,14,],)->([13,5,],[5,],[],[],)->([],[],[13,],[],), Prob:17
([30,17,14,7,],[22,17,14,7,],[18,10,9,4,],[18,10,4,],)->([25,],[25,],[30,22,15,],[23,15,],)->([14,6,],[6,],[],[],)->([],[],[14,],[],), Prob:17
([31,18,16,15,8,],[23,18,15,8,],[19,11,10,5,],[19,11,5,],)->([26,],[26,],[31,23,16,],[24,16,],)->([15,7,],[7,],[],[],)->([],[],[15,],[],), Prob:15
([19,16,9,0,],[24,19,16,9,],[20,12,11,6,],[20,12,6,],)->([27,],[27,],[24,17,0,],[25,17,],)->([16,8,],[8,],[],[],)->([],[],[16,],[],), Prob:17
([20,17,10,1,],[25,20,17,10,],[21,13,12,7,],[21,13,7,],)->([28,],[28,],[25,18,1,],[26,18,],)->([17,9,],[9,],[],[],)->([],[],[17,],[],), Prob:17
([21,18,11,2,],[26,21,18,11,],[22,14,13,8,],[22,14,8,],)->([29,],[29,],[26,19,2,],[27,19,],)->([18,10,],[10,],[],[],)->([],[],[18,],[],), Prob:17
([22,19,12,3,],[27,22,19,12,],[23,15,14,9,],[23,15,9,],)->([30,],[30,],[27,20,3,],[28,20,],)->([19,11,],[11,],[],[],)->([],[],[19,],[],), Prob:17
([23,20,13,4,],[28,23,20,13,],[24,16,15,10,],[24,16,10,],)->([31,],[31,],[28,21,4,],[29,21,],)->([20,12,],[12,],[],[],)->([],[],[20,],[],), Prob:16
([24,21,14,5,],[29,24,21,14,],[25,17,16,11,],[25,17,11,],)->([0,],[0,],[29,22,5,],[30,22,],)->([21,13,],[13,],[],[],)->([],[],[21,],[],), Prob:17
([25,22,15,6,],[30,25,22,15,],[26,18,17,12,],[26,18,12,],)->([1,],[1,],[30,23,6,],[31,23,],)->([22,14,],[14,],[],[],)->([],[],[22,],[],), Prob:16
([26,23,16,7,0,],[31,26,24,23,16,],[27,19,18,13,],[27,19,13,],)->([2,],[2,],[31,24,7,0,],[24,0,],)->([23,15,],[15,],[],[],)->([],[],[23,],[],), Prob:16
([27,25,24,17,8,],[27,24,17,0,],[28,19,14,],[28,20,14,],)->([3,],[3,],[25,8,0,],[25,1,],)->([24,16,],[16,],[],[],)->([],[],[24,],[],), Prob:17
([28,25,18,9,],[28,25,18,1,],[29,21,20,15,],[29,21,15,],)->([4,],[4,],[26,9,1,],[26,2,],)->([25,17,],[17,],[],[],)->([],[],[25,],[],), Prob:17
([29,27,26,19,10,],[29,26,19,2,],[30,22,21,16,],[30,22,16,],)->([5,],[5,],[27,10,2,],[27,3,],)->([26,18,],[18,],[],[],)->([],[],[26,],[],), Prob:17
([30,28,27,20,11,],[30,27,20,3,],[31,22,17,],[31,23,17,],)->([6,],[6,],[28,11,3,],[28,4,],)->([27,19,],[19,],[],[],)->([],[],[27,],[],), Prob:16
([31,29,28,21,12,],[31,28,21,4,],[23,18,0,],[24,18,0,],)->([7,],[7,],[29,12,4,],[29,5,],)->([28,20,],[20,],[],[],)->([],[],[28,],[],), Prob:16
([30,29,22,13,0,],[29,22,5,0,],[24,19,1,],[25,19,1,],)->([8,],[8,],[30,13,5,],[30,6,],)->([29,21,],[21,],[],[],)->([],[],[29,],[],), Prob:17
([31,30,23,14,1,],[30,23,6,1,],[25,20,2,],[26,20,2,],)->([9,],[9,],[31,14,6,],[31,7,],)->([30,22,],[22,],[],[],)->([],[],[30,],[],), Prob:15
([31,24,15,2,0,],[31,24,7,2,],[27,26,21,3,],[27,21,3,],)->([10,],[10,],[15,7,0,],[8,0,],)->([31,23,],[23,],[],[],)->([],[],[31,],[],), Prob:15
([20,12,6,],[12,6,],[30,25,15,11,6,],[25,15,6,],)->([27,14,],[14,],[20,],[20,],)->([],[],[27,],[27,],)->([],[],[],[0,],), Prob:12
([21,13,7,],[13,7,],[31,26,16,12,7,],[26,16,7,],)->([28,15,],[15,],[21,],[21,],)->([],[],[28,],[28,],)->([],[],[],[1,],), Prob:11
([22,14,8,],[14,8,],[27,17,13,8,0,],[27,17,8,],)->([29,16,],[16,],[22,],[22,],)->([],[],[29,],[29,],)->([],[],[],[2,],), Prob:12
([23,15,9,],[15,9,],[28,18,14,9,1,],[28,18,9,],)->([30,17,],[17,],[23,],[23,],)->([],[],[30,],[30,],)->([],[],[],[3,],), Prob:12
([24,16,10,],[16,10,],[29,19,15,10,2,],[29,19,10,],)->([31,18,],[18,],[24,],[24,],)->([],[],[31,],[31,],)->([],[],[],[4,],), Prob:10
([25,17,11,],[17,11,],[31,30,20,16,11,3,],[30,20,11,],)->([19,0,],[19,],[25,],[25,],)->([],[],[0,],[0,],)->([],[],[],[5,],), Prob:12
([26,18,12,],[18,12,],[31,21,17,12,4,],[31,21,12,],)->([20,1,],[20,],[26,],[26,],)->([],[],[1,],[1,],)->([],[],[],[6,],), Prob:11
([27,19,13,],[19,13,],[22,18,13,5,0,],[22,13,0,],)->([21,2,],[21,],[27,],[27,],)->([],[],[2,],[2,],)->([],[],[],[7,],), Prob:12
([28,20,14,],[20,14,],[23,19,14,6,1,],[23,14,1,],)->([22,3,],[22,],[28,],[28,],)->([],[],[3,],[3,],)->([],[],[],[8,],), Prob:12
([29,21,15,],[21,15,],[24,20,15,7,2,],[24,15,2,],)->([23,4,],[23,],[29,],[29,],)->([],[],[4,],[4,],)->([],[],[],[9,],), Prob:12
([30,22,16,],[22,16,],[25,21,16,8,3,],[25,16,3,],)->([24,5,],[24,],[30,],[30,],)->([],[],[5,],[5,],)->([],[],[],[10,],), Prob:12
([31,23,17,],[23,17,],[26,22,17,9,4,],[26,17,4,],)->([25,6,],[25,],[31,],[31,],)->([],[],[6,],[6,],)->([],[],[],[11,],), Prob:10
([24,18,0,],[24,18,],[27,23,18,10,5,],[27,18,5,],)->([26,7,],[26,],[0,],[0,],)->([],[],[7,],[7,],)->([],[],[],[12,],), Prob:12
([25,19,1,],[25,19,],[28,24,19,11,6,],[28,19,6,],)->([27,8,],[27,],[1,],[1,],)->([],[],[8,],[8,],)->([],[],[],[13,],), Prob:12
([26,20,2,],[26,20,],[29,25,20,12,7,],[29,20,7,],)->([28,9,],[28,],[2,],[2,],)->([],[],[9,],[9,],)->([],[],[],[14,],), Prob:12
([27,21,3,],[27,21,],[30,26,21,13,8,],[30,21,8,],)->([29,10,],[29,],[3,],[3,],)->([],[],[10,],[10,],)->([],[],[],[15,],), Prob:12
([28,22,4,],[28,22,],[31,27,22,14,9,],[31,22,9,],)->([30,11,],[30,],[4,],[4,],)->([],[],[11,],[11,],)->([],[],[],[16,],), Prob:11
([29,23,5,],[29,23,],[28,23,15,10,0,],[23,10,0,],)->([31,12,],[31,],[5,],[5,],)->([],[],[12,],[12,],)->([],[],[],[17,],), Prob:11
([30,24,6,],[30,24,],[29,24,16,11,1,],[24,11,1,],)->([13,0,],[0,],[6,],[6,],)->([],[],[13,],[13,],)->([],[],[],[18,],), Prob:12
([31,25,7,],[31,25,],[30,25,17,12,2,],[25,12,2,],)->([14,1,],[1,],[7,],[7,],)->([],[],[14,],[14,],)->([],[],[],[19,],), Prob:11
([26,8,0,],[26,0,],[31,26,18,13,3,],[26,13,3,],)->([15,2,],[2,],[8,],[8,],)->([],[],[15,],[15,],)->([],[],[],[20,],), Prob:11
([27,9,1,],[27,1,],[27,19,14,4,0,],[27,14,4,],)->([16,3,],[3,],[9,],[9,],)->([],[],[16,],[16,],)->([],[],[],[21,],), Prob:12
([28,10,2,],[28,2,],[28,20,15,5,1,],[28,15,5,],)->([17,4,],[4,],[10,],[10,],)->([],[],[17,],[17,],)->([],[],[],[22,],), Prob:12
([29,11,3,],[29,3,],[29,21,16,6,2,],[29,16,6,],)->([18,5,],[5,],[11,],[11,],)->([],[],[18,],[18,],)->([],[],[],[23,],), Prob:12
([31,30,12,4,],[30,4,],[31,30,22,17,7,3,],[30,17,7,],)->([19,6,],[6,],[12,],[12,],)->([],[],[19,],[19,],)->([],[],[],[24,],), Prob:12
([31,13,5,],[31,5,],[31,23,18,8,4,],[31,18,8,],)->([20,7,],[7,],[13,],[13,],)->([],[],[20,],[20,],)->([],[],[],[25,],), Prob:10
([14,6,0,],[6,0,],[24,19,9,5,0,],[19,9,0,],)->([21,8,],[8,],[14,],[14,],)->([],[],[21,],[21,],)->([],[],[],[26,],), Prob:12
([15,7,1,],[7,1,],[25,20,10,6,1,],[20,10,1,],)->([22,9,],[9,],[15,],[15,],)->([],[],[22,],[22,],)->([],[],[],[27,],), Prob:12
([16,8,2,],[8,2,],[26,21,11,7,2,],[21,11,2,],)->([23,10,],[10,],[16,],[16,],)->([],[],[23,],[23,],)->([],[],[],[28,],), Prob:12
([17,9,3,],[9,3,],[27,22,12,8,3,],[22,12,3,],)->([24,11,],[11,],[17,],[17,],)->([],[],[24,],[24,],)->([],[],[],[29,],), Prob:12
([18,10,4,],[10,4,],[28,23,13,9,4,],[23,13,4,],)->([25,12,],[12,],[18,],[18,],)->([],[],[25,],[25,],)->([],[],[],[30,],), Prob:12
([19,11,5,],[11,5,],[29,24,14,10,5,],[24,14,5,],)->([26,13,],[13,],[19,],[19,],)->([],[],[26,],[26,],)->([],[],[],[31,],), Prob:12