([0,],[])=(1,0): ->([2,0,],[17,])=(5,20000)->([16,2,1,],[17,2,])=(10006,20004)->: ([24,23,18,16,10,2,1,],[26,17,8,7,2,])=(1850406,4020184): Prob: 4
([1,],[])=(2,0): ->([3,1,],[18,])=(a,40000)->([17,3,2,],[18,3,])=(2000c,40008)->: ([25,24,19,17,11,3,2,],[27,18,9,8,3,])=(30a080c,8040308): Prob: 5
([2,],[])=(4,0): ->([4,3,2,],[19,18,])=(1c,c0000)->([18,17,4,],[19,18,4,])=(60010,c0010)->: ([26,20,18,12,4,2,],[28,19,18,10,4,])=(4141014,100c0410): Prob: 5
([3,],[])=(8,0): ->([5,4,3,],[20,19,])=(38,180000)->([19,18,5,],[20,19,5,])=(c0020,180020)->: ([27,21,19,13,5,3,],[29,20,19,11,5,])=(8282028,20180820): Prob: 5
([4,],[])=(10,0): ->([6,5,4,],[21,20,])=(70,300000)->([20,19,6,],[21,20,6,5,4,])=(180040,300070)->: ([28,22,21,14,6,4,],[30,21,20,12,6,5,4,])=(10604050,40301070): Prob: 5
([5,],[])=(20,0): ->([7,6,5,],[22,21,])=(e0,600000)->([21,20,7,],[22,21,7,6,5,])=(300080,6000e0)->: ([29,23,22,15,7,5,],[31,22,21,13,7,6,5,])=(20c080a0,806020e0): Prob: 5
([6,],[])=(40,0): ->([8,7,6,],[23,22,])=(1c0,c00000)->([22,21,8,],[23,22,8,7,6,])=(600100,c001c0)->: ([30,24,23,16,8,6,],[23,22,14,8,7,6,0,])=(41810140,c041c1): Prob: 5
([7,],[])=(80,0): ->([9,8,7,],[24,23,])=(380,1800000)->([23,22,9,],[24,23,9,8,7,])=(c00200,1800380)->: ([31,25,24,17,9,7,],[24,23,15,9,8,7,1,])=(83020280,1808382): Prob: 5
([8,],[])=(100,0): ->([10,9,8,],[25,24,])=(700,3000000)->([24,23,10,],[25,24,10,])=(1800400,3000400)->: ([26,24,18,10,8,0,],[25,24,16,10,2,])=(5040501,3010404): Prob: 5
([9,],[])=(200,0): ->([11,10,9,],[26,25,])=(e00,6000000)->([25,24,11,],[26,25,11,])=(3000800,6000800)->: ([27,25,19,11,9,1,],[26,25,17,11,3,])=(a080a02,6020808): Prob: 5
([10,],[])=(400,0): ->([12,11,10,],[27,26,])=(1c00,c000000)->([26,25,12,],[27,26,12,11,10,])=(6001000,c001c00)->: ([28,27,20,19,12,11,10,2,],[27,26,18,12,11,10,4,3,])=(18181c04,c041c18): Prob: 5
([11,],[])=(800,0): ->([13,12,11,],[28,27,])=(3800,18000000)->([27,26,13,],[28,27,13,12,11,])=(c002000,18003800)->: ([29,28,21,20,13,12,11,3,],[28,27,19,13,12,11,5,4,])=(30303808,18083830): Prob: 5
([12,],[])=(1000,0): ->([14,13,12,],[29,28,])=(7000,30000000)->([28,27,14,],[29,28,14,])=(18004000,30004000)->: ([30,28,22,14,12,4,],[29,28,20,14,6,])=(50405010,30104040): Prob: 5
([13,],[])=(2000,0): ->([15,14,13,],[30,29,])=(e000,60000000)->([29,28,15,],[30,29,15,14,13,])=(30008000,6000e000)->: ([31,30,23,15,13,5,],[30,29,21,15,14,13,7,])=(c080a020,6020e080): Prob: 5
([14,],[])=(4000,0): ->([16,15,14,],[31,30,])=(1c000,c0000000)->([30,29,16,],[31,30,16,])=(60010000,c0010000)->: ([30,24,16,14,6,0,],[31,30,22,16,8,])=(41014041,c0410100): Prob: 5
([15,],[])=(8000,0): ->([17,16,15,],[31,0,])=(38000,80000001)->([31,30,17,],[31,17,0,])=(c0020000,80020001)->: ([31,25,17,15,7,1,],[31,23,17,9,0,])=(82028082,80820201): Prob: 5
([16,],[])=(10000,0): ->([18,16,15,],[1,])=(58000,2)->([18,0,],[18,17,16,15,1,])=(40001,78002)->: ([31,26,18,8,2,1,],[24,18,17,16,15,10,1,])=(84040106,1078402): Prob: 5
([17,],[])=(20000,0): ->([19,18,17,],[2,1,])=(e0000,6)->([19,1,0,],[19,2,1,])=(80003,80006)->: ([27,19,17,9,3,1,],[25,19,11,2,1,])=(80a020a,2080806): Prob: 5
([18,],[])=(40000,0): ->([20,19,18,],[3,2,])=(1c0000,c)->([20,2,1,],[20,19,18,3,2,])=(100006,1c000c)->: ([28,27,20,19,18,10,9,4,3,1,],[26,25,20,19,18,12,11,3,2,])=(181c061a,61c180c): Prob: 5
([19,],[])=(80000,0): ->([21,20,19,],[4,3,])=(380000,18)->([21,3,2,],[21,20,19,4,3,])=(20000c,380018)->: ([29,21,19,11,5,4,],[27,21,20,19,13,4,3,])=(20280830,8382018): Prob: 5
([20,],[])=(100000,0): ->([22,21,20,],[5,4,])=(700000,30)->([22,4,3,],[22,5,4,])=(400018,400030)->: ([30,22,20,12,6,4,],[28,22,14,5,4,])=(40501050,10404030): Prob: 5
([21,],[])=(200000,0): ->([23,22,21,],[6,5,])=(e00000,60)->([23,5,4,],[23,6,5,])=(800030,800060)->: ([31,23,21,13,7,5,],[29,23,15,6,5,])=(80a020a0,20808060): Prob: 5
([22,],[])=(400000,0): ->([24,23,22,],[7,6,])=(1c00000,c0)->([24,6,5,],[24,7,6,])=(1000060,10000c0)->: ([24,22,14,8,6,0,],[30,24,16,7,6,])=(1404141,410100c0): Prob: 5
([23,],[])=(800000,0): ->([25,24,23,],[8,7,])=(3800000,180)->([25,7,6,],[25,8,7,])=(20000c0,2000180)->: ([25,23,15,9,7,1,],[31,25,17,8,7,])=(2808282,82020180): Prob: 5
([24,],[])=(1000000,0): ->([26,25,24,],[9,8,])=(7000000,300)->([26,8,7,],[26,9,8,])=(4000180,4000300)->: ([26,24,16,10,8,2,],[26,18,9,8,0,])=(5010504,4040301): Prob: 5
([25,],[])=(2000000,0): ->([27,26,25,],[10,9,])=(e000000,600)->([27,9,8,],[27,10,9,])=(8000300,8000600)->: ([27,25,17,11,9,3,],[27,19,10,9,1,])=(a020a08,8080602): Prob: 5
([26,],[])=(4000000,0): ->([28,27,26,],[11,10,])=(1c000000,c00)->([28,10,9,],[28,27,26,11,10,])=(10000600,1c000c00)->: ([28,27,26,18,12,11,4,3,],[28,27,26,20,19,11,10,2,])=(1c041818,1c180c04): Prob: 5
([27,],[])=(8000000,0): ->([29,28,27,],[12,11,])=(38000000,1800)->([29,11,10,],[29,12,11,])=(20000c00,20001800)->: ([29,27,19,13,11,5,],[29,21,12,11,3,])=(28082820,20201808): Prob: 5
([28,],[])=(10000000,0): ->([30,29,28,],[13,12,])=(70000000,3000)->([30,12,11,],[30,13,12,])=(40001800,40003000)->: ([30,28,20,14,12,6,],[30,22,13,12,4,])=(50105040,40403010): Prob: 5
([29,],[])=(20000000,0): ->([31,30,29,],[14,13,])=(e0000000,6000)->([31,13,12,],[31,14,13,])=(80003000,80006000)->: ([31,29,21,15,13,7,],[31,23,14,13,5,])=(a020a080,80806020): Prob: 5
([30,],[])=(40000000,0): ->([31,30,0,],[15,14,])=(c0000001,c000)->([30,14,13,0,],[31,15,14,0,])=(40006001,8000c001)->: ([31,29,22,16,15,14,8,6,0,],[31,24,22,15,14,6,0,])=(a041c141,8140c041): Prob: 4
([31,],[])=(80000000,0): ->([31,1,0,],[16,15,])=(80000003,18000)->([15,14,1,],[31,16,15,1,0,])=(c002,80018003)->: ([31,23,17,16,9,1,0,],[31,25,16,15,7,1,0,])=(80830203,82018083): Prob: 5
([1,0,],[])=(3,0): ->([3,2,1,],[18,17,])=(e,60000)->([17,16,3,],[18,17,3,])=(30008,60008)->: ([25,19,17,11,3,1,],[27,18,17,9,3,])=(20a080a,8060208): Prob: 5
([2,1,],[])=(6,0): ->([4,2,],[19,])=(14,80000)->([18,4,3,],[19,4,3,2,])=(40018,8001c)->: ([26,20,19,17,12,4,3,],[28,19,10,4,3,2,])=(41a1018,1008041c): Prob: 5
([3,2,],[])=(c,0): ->([5,3,],[20,])=(28,100000)->([19,5,4,],[20,5,])=(80030,100020)->: ([27,21,19,18,13,5,4,],[29,20,11,5,])=(82c2030,20100820): Prob: 5
([4,3,],[])=(18,0): ->([6,4,],[21,])=(50,200000)->([20,6,5,],[21,6,])=(100060,200040)->: ([28,22,20,19,14,6,5,],[30,21,12,6,])=(10584060,40201040): Prob: 5
([5,4,],[])=(30,0): ->([7,5,],[22,])=(a0,400000)->([21,7,6,],[22,7,])=(2000c0,400080)->: ([29,23,21,20,15,7,6,],[31,22,13,7,])=(20b080c0,80402080): Prob: 5
([6,5,],[])=(60,0): ->([8,6,],[23,])=(140,800000)->([22,8,7,],[23,8,])=(400180,800100)->: ([30,24,22,21,16,8,7,],[23,14,8,0,])=(41610180,804101): Prob: 5
([7,6,],[])=(c0,0): ->([9,7,],[24,])=(280,1000000)->([23,9,8,],[24,9,])=(800300,1000200)->: ([31,25,23,22,17,9,8,],[24,15,9,1,])=(82c20300,1008202): Prob: 5
([8,7,],[])=(180,0): ->([10,8,],[25,])=(500,2000000)->([24,10,9,],[25,10,])=(1000600,2000400)->: ([26,24,23,18,10,9,0,],[25,16,10,2,])=(5840601,2010404): Prob: 5
([9,8,],[])=(300,0): ->([11,9,],[26,])=(a00,4000000)->([25,11,10,],[26,11,])=(2000c00,4000800)->: ([27,25,19,11,10,1,0,],[26,17,16,11,3,])=(a080c03,4030808): Prob: 5
([10,9,],[])=(600,0): ->([12,10,],[27,])=(1400,8000000)->([26,12,11,],[27,12,11,10,])=(4001800,8001c00)->: ([28,27,25,20,12,11,2,],[27,18,12,11,10,4,])=(1a101804,8041c10): Prob: 5
([11,10,],[])=(c00,0): ->([13,11,],[28,])=(2800,10000000)->([27,13,12,],[28,13,])=(8003000,10002000)->: ([29,27,21,13,12,3,2,],[28,19,18,13,5,])=(2820300c,100c2020): Prob: 5
([12,11,],[])=(1800,0): ->([14,12,],[29,])=(5000,20000000)->([28,14,13,],[29,14,])=(10006000,20004000)->: ([30,28,22,14,13,4,3,],[29,20,19,14,6,])=(50406018,20184040): Prob: 5
([13,12,],[])=(3000,0): ->([15,13,],[30,])=(a000,40000000)->([29,15,14,],[30,15,])=(2000c000,40008000)->: ([31,29,23,15,14,5,4,],[30,21,20,15,7,])=(a080c030,40308080): Prob: 5
([14,13,],[])=(6000,0): ->([16,14,],[31,])=(14000,80000000)->([30,16,15,],[31,16,])=(40018000,80010000)->: ([30,24,16,15,6,5,0,],[31,22,21,16,8,])=(41018061,80610100): Prob: 5
([15,14,],[])=(c000,0): ->([17,15,],[0,])=(28000,1)->([31,17,16,],[17,0,])=(80030000,20001)->: ([31,30,25,17,16,7,1,],[23,17,9,0,])=(c2030082,820201): Prob: 5
([16,15,],[])=(18000,0): ->([18,16,],[1,])=(50000,2)->([18,17,0,],[18,1,])=(60001,40002)->: ([26,18,17,8,2,0,],[24,18,10,1,])=(4060105,1040402): Prob: 4
([17,16,],[])=(30000,0): ->([19,17,],[2,])=(a0000,4)->([19,18,1,],[19,2,])=(c0002,80004)->: ([27,19,18,9,3,1,],[25,19,11,2,])=(80c020a,2080804): Prob: 5
([18,17,],[])=(60000,0): ->([20,18,],[3,])=(140000,8)->([20,19,2,],[20,3,])=(180004,100008)->: ([28,20,19,10,4,2,1,],[26,20,12,3,])=(10180416,4101008): Prob: 5
([19,18,],[])=(c0000,0): ->([21,19,],[4,])=(280000,10)->([21,20,3,],[21,4,])=(300008,200010)->: ([29,21,20,11,5,3,2,],[27,21,13,4,])=(2030082c,8202010): Prob: 5
([20,19,],[])=(180000,0): ->([22,20,],[5,])=(500000,20)->([22,21,4,],[22,5,])=(600010,400020)->: ([30,22,21,12,11,6,4,],[28,27,22,14,5,])=(40601850,18404020): Prob: 5
([21,20,],[])=(300000,0): ->([23,21,],[6,])=(a00000,40)->([23,22,5,],[23,6,])=(c00020,800040)->: ([31,23,22,13,7,5,4,],[29,23,15,6,])=(80c020b0,20808040): Prob: 5
([22,21,],[])=(600000,0): ->([24,22,],[7,])=(1400000,80)->([24,23,6,],[24,7,])=(1800040,1000080)->: ([24,23,14,8,6,5,0,],[30,24,16,7,])=(1804161,41010080): Prob: 5
([23,22,],[])=(c00000,0): ->([25,23,],[8,])=(2800000,100)->([25,24,7,],[25,8,])=(3000080,2000100)->: ([25,24,15,9,7,6,1,],[31,25,17,8,])=(30082c2,82020100): Prob: 5
([24,23,],[])=(1800000,0): ->([26,24,],[9,])=(5000000,200)->([26,25,8,],[26,9,])=(6000100,4000200)->: ([26,25,16,10,8,7,2,],[26,18,9,0,])=(6010584,4040201): Prob: 5
([25,24,],[])=(3000000,0): ->([27,25,],[10,])=(a000000,400)->([27,26,9,],[27,10,])=(c000200,8000400)->: ([27,26,17,11,9,8,3,],[27,19,10,1,])=(c020b08,8080402): Prob: 5
([26,25,],[])=(6000000,0): ->([28,26,],[11,])=(14000000,800)->([28,27,10,],[28,11,])=(18000400,10000800)->: ([28,27,18,12,10,9,4,],[28,20,11,2,])=(18041610,10100804): Prob: 5
([27,26,],[])=(c000000,0): ->([29,27,],[12,])=(28000000,1000)->([29,28,11,],[29,12,])=(30000800,20001000)->: ([29,28,19,13,11,10,5,],[29,21,12,3,])=(30082c20,20201008): Prob: 5
([28,27,],[])=(18000000,0): ->([30,28,],[13,])=(50000000,2000)->([30,29,12,],[30,13,])=(60001000,40002000)->: ([30,29,20,14,12,11,6,],[30,22,13,4,])=(60105840,40402010): Prob: 5
([29,28,],[])=(30000000,0): ->([31,29,],[14,])=(a0000000,4000)->([31,30,13,],[31,14,])=(c0002000,80004000)->: ([31,30,21,15,13,12,7,],[31,23,14,5,])=(c020b080,80804020): Prob: 5
([30,29,],[])=(60000000,0): ->([31,30,29,0,],[15,14,])=(e0000001,c000)->([14,13,0,],[31,15,14,0,])=(6001,8000c001)->: ([31,30,22,16,15,14,8,0,],[31,24,15,14,6,0,])=(c041c101,8100c041): Prob: 4
([31,30,],[])=(c0000000,0): ->([31,1,],[16,])=(80000002,10000)->([15,1,],[31,16,1,0,])=(8002,80010003)->: ([23,22,17,16,9,1,0,],[31,25,16,7,6,1,0,])=(c30203,820100c3): Prob: 5
([],[0,])=(0,1): ->([17,],[0,])=(20000,1)->([31,17,],[17,0,])=(80020000,20001)->: ([31,25,17,7,6,1,],[23,22,17,9,0,])=(820200c2,c20201): Prob: 3
([],[1,])=(0,2): ->([18,],[1,])=(40000,2)->([18,0,],[18,1,])=(40001,40002)->: ([26,18,8,2,0,],[24,18,10,1,])=(4040105,1040402): Prob: 2
([],[2,])=(0,4): ->([19,],[2,])=(80000,4)->([19,1,],[19,2,])=(80002,80004)->: ([27,19,9,3,1,],[25,19,11,2,])=(808020a,2080804): Prob: 3
([],[3,])=(0,8): ->([20,],[3,])=(100000,8)->([20,2,],[20,3,])=(100004,100008)->: ([28,20,10,4,2,1,],[26,20,12,3,])=(10100416,4101008): Prob: 3
([],[4,])=(0,10): ->([21,],[4,])=(200000,10)->([21,3,],[21,4,])=(200008,200010)->: ([29,21,11,10,5,3,],[27,26,21,13,4,])=(20200c28,c202010): Prob: 3
([],[5,])=(0,20): ->([22,],[5,])=(400000,20)->([22,4,],[22,5,])=(400010,400020)->: ([30,22,12,11,6,4,],[28,27,22,14,5,])=(40401850,18404020): Prob: 3
([],[6,])=(0,40): ->([23,],[6,])=(800000,40)->([23,5,],[23,6,])=(800020,800040)->: ([31,23,13,12,7,5,],[29,28,23,15,6,])=(808030a0,30808040): Prob: 3
([],[7,])=(0,80): ->([24,],[7,])=(1000000,80)->([24,6,],[24,7,])=(1000040,1000080)->: ([24,14,8,6,5,0,],[30,24,16,7,])=(1004161,41010080): Prob: 3
([],[8,])=(0,100): ->([25,],[8,])=(2000000,100)->([25,7,],[25,8,])=(2000080,2000100)->: ([25,15,14,9,7,1,],[31,30,25,17,8,])=(200c282,c2020100): Prob: 3
([],[9,])=(0,200): ->([26,],[9,])=(4000000,200)->([26,8,],[26,9,])=(4000100,4000200)->: ([26,16,10,8,7,2,],[26,18,9,0,])=(4010584,4040201): Prob: 3
([],[10,])=(0,400): ->([27,],[10,])=(8000000,400)->([27,9,],[27,10,])=(8000200,8000400)->: ([27,17,11,9,8,3,],[27,19,10,1,])=(8020b08,8080402): Prob: 3
([],[11,])=(0,800): ->([28,],[11,])=(10000000,800)->([28,10,],[28,11,])=(10000400,10000800)->: ([28,18,17,12,10,4,],[28,20,11,2,1,])=(10061410,10100806): Prob: 3
([],[12,])=(0,1000): ->([29,],[12,])=(20000000,1000)->([29,11,],[29,12,])=(20000800,20001000)->: ([29,19,18,13,11,5,],[29,21,12,3,2,])=(200c2820,2020100c): Prob: 3
([],[13,])=(0,2000): ->([30,],[13,])=(40000000,2000)->([30,12,],[30,13,])=(40001000,40002000)->: ([30,20,14,12,11,6,],[30,22,13,4,])=(40105840,40402010): Prob: 3
([],[14,])=(0,4000): ->([31,],[14,])=(80000000,4000)->([31,13,],[31,14,])=(80002000,80004000)->: ([31,21,20,15,13,7,],[31,23,14,5,4,])=(8030a080,80804030): Prob: 3
([],[15,])=(0,8000): ->([0,],[15,])=(1,8000)->([31,14,0,],[15,0,])=(80004001,8001)->: ([30,22,16,14,13,8,7,0,],[24,23,15,6,0,])=(40416181,1808041): Prob: 2
([],[16,])=(0,10000): ->([1,],[16,])=(2,10000)->([15,1,],[16,1,])=(8002,10002)->: ([23,22,17,15,9,1,0,],[25,16,7,6,1,])=(c28203,20100c2): Prob: 3
([],[17,])=(0,20000): ->([2,],[17,])=(4,20000)->([16,2,],[17,2,])=(10004,20004)->: ([24,23,18,16,10,2,],[26,17,8,7,2,])=(1850404,4020184): Prob: 3
([],[18,])=(0,40000): ->([3,],[18,])=(8,40000)->([17,3,],[18,3,])=(20008,40008)->: ([25,24,19,17,11,10,3,2,],[27,26,18,9,8,3,])=(30a0c0c,c040308): Prob: 3
([],[19,])=(0,80000): ->([4,],[19,])=(10,80000)->([18,4,],[19,4,])=(40010,80010)->: ([26,25,20,18,12,4,],[28,19,10,9,4,])=(6141010,10080610): Prob: 3
([],[20,])=(0,100000): ->([5,],[20,])=(20,100000)->([19,5,],[20,5,])=(80020,100020)->: ([27,26,21,19,13,5,],[29,20,11,10,5,])=(c282020,20100c20): Prob: 3
([],[21,])=(0,200000): ->([6,],[21,])=(40,200000)->([20,6,],[21,6,])=(100040,200040)->: ([28,27,22,20,14,6,],[30,21,12,11,6,])=(18504040,40201840): Prob: 3
([],[22,])=(0,400000): ->([7,],[22,])=(80,400000)->([21,7,],[22,7,])=(200080,400080)->: ([29,28,23,21,15,7,],[31,22,13,12,7,])=(30a08080,80403080): Prob: 3
([],[23,])=(0,800000): ->([8,],[23,])=(100,800000)->([22,8,],[23,8,])=(400100,800100)->: ([30,29,24,22,16,15,8,7,],[31,23,14,13,8,0,])=(61418180,80806101): Prob: 3
([],[24,])=(0,1000000): ->([9,],[24,])=(200,1000000)->([23,9,],[24,9,])=(800200,1000200)->: ([31,30,25,23,17,9,],[24,15,14,9,1,])=(c2820200,100c202): Prob: 3
([],[25,])=(0,2000000): ->([10,],[25,])=(400,2000000)->([24,10,],[25,10,])=(1000400,2000400)->: ([31,26,24,18,10,0,],[25,16,15,10,2,])=(85040401,2018404): Prob: 3
([],[26,])=(0,4000000): ->([11,],[26,])=(800,4000000)->([25,11,],[26,11,])=(2000800,4000800)->: ([27,25,19,11,1,0,],[26,17,16,11,3,])=(a080803,4030808): Prob: 3
([],[27,])=(0,8000000): ->([12,],[27,])=(1000,8000000)->([26,12,],[27,12,])=(4001000,8001000)->: ([28,26,20,12,2,1,],[27,18,17,12,4,])=(14101006,8061010): Prob: 3
([],[28,])=(0,10000000): ->([13,],[28,])=(2000,10000000)->([27,13,],[28,13,])=(8002000,10002000)->: ([29,27,21,13,3,2,],[28,19,18,13,5,])=(2820200c,100c2020): Prob: 3
([],[29,])=(0,20000000): ->([14,],[29,])=(4000,20000000)->([28,14,],[29,14,])=(10004000,20004000)->: ([30,28,22,14,4,3,],[29,20,19,14,6,])=(50404018,20184040): Prob: 3
([],[30,])=(0,40000000): ->([15,],[30,])=(8000,40000000)->([29,15,],[30,15,])=(20008000,40008000)->: ([31,29,23,15,5,4,],[30,21,20,15,7,])=(a0808030,40308080): Prob: 3
([],[31,])=(0,80000000): ->([16,],[31,])=(10000,80000000)->([30,16,],[31,16,])=(40010000,80010000)->: ([30,24,16,6,5,0,],[31,22,21,16,8,])=(41010061,80610100): Prob: 3
([],[1,0,])=(0,3): ->([18,17,],[1,0,])=(60000,3)->([31,18,17,0,],[18,1,0,])=(80060001,40003)->: ([31,30,26,18,17,16,8,7,2,0,],[24,23,18,10,1,0,])=(c4070185,1840403): Prob: 3
([],[2,1,])=(0,6): ->([19,18,],[2,1,])=(c0000,6)->([19,18,1,0,],[19,2,1,])=(c0003,80006)->: ([27,19,18,17,9,3,1,],[25,19,11,2,1,])=(80e020a,2080806): Prob: 3
([],[3,2,])=(0,c): ->([20,19,],[3,2,])=(180000,c)->([20,19,2,1,],[20,3,2,])=(180006,10000c)->: ([28,20,19,18,10,4,2,],[26,20,12,3,2,])=(101c0414,410100c): Prob: 3
([],[4,3,])=(0,18): ->([21,20,],[4,3,])=(300000,18)->([21,20,3,2,],[21,4,3,])=(30000c,200018)->: ([29,21,20,19,11,5,3,],[27,21,13,4,3,])=(20380828,8202018): Prob: 3
([],[5,4,])=(0,30): ->([22,21,],[5,4,])=(600000,30)->([22,21,4,3,],[22,5,4,])=(600018,400030)->: ([30,22,21,20,12,6,4,],[28,22,14,5,4,])=(40701050,10404030): Prob: 3
([],[6,5,])=(0,60): ->([23,22,],[6,5,])=(c00000,60)->([23,22,5,4,],[23,6,5,])=(c00030,800060)->: ([31,23,22,21,13,7,5,],[29,23,15,6,5,])=(80e020a0,20808060): Prob: 3
([],[7,6,])=(0,c0): ->([24,23,],[7,6,])=(1800000,c0)->([24,23,6,5,],[24,7,6,])=(1800060,10000c0)->: ([24,23,22,14,8,6,0,],[30,24,16,7,6,])=(1c04141,410100c0): Prob: 3
([],[8,7,])=(0,180): ->([25,24,],[8,7,])=(3000000,180)->([25,24,7,6,],[25,8,7,])=(30000c0,2000180)->: ([25,24,23,15,9,7,1,],[31,25,17,8,7,])=(3808282,82020180): Prob: 3
([],[9,8,])=(0,300): ->([26,25,],[9,8,])=(6000000,300)->([26,25,8,7,],[26,9,8,])=(6000180,4000300)->: ([26,25,24,16,10,8,2,],[26,18,9,8,0,])=(7010504,4040301): Prob: 3
([],[10,9,])=(0,600): ->([27,26,],[10,9,])=(c000000,600)->([27,26,9,8,],[27,10,9,])=(c000300,8000600)->: ([27,26,25,17,11,9,3,],[27,19,10,9,1,])=(e020a08,8080602): Prob: 3
([],[11,10,])=(0,c00): ->([28,27,],[11,10,])=(18000000,c00)->([28,27,10,9,],[28,11,10,])=(18000600,10000c00)->: ([28,27,26,18,12,10,4,],[28,20,11,10,2,])=(1c041410,10100c04): Prob: 3
([],[12,11,])=(0,1800): ->([29,28,],[12,11,])=(30000000,1800)->([29,28,11,10,],[29,12,11,])=(30000c00,20001800)->: ([29,28,27,19,13,11,5,],[29,21,12,11,3,])=(38082820,20201808): Prob: 3
([],[13,12,])=(0,3000): ->([30,29,],[13,12,])=(60000000,3000)->([30,29,12,11,],[30,13,12,])=(60001800,40003000)->: ([30,29,28,20,14,12,6,],[30,22,13,12,4,])=(70105040,40403010): Prob: 3
([],[14,13,])=(0,6000): ->([31,30,],[14,13,])=(c0000000,6000)->([31,30,13,12,],[31,14,13,])=(c0003000,80006000)->: ([31,30,29,21,15,13,7,],[31,23,14,13,5,])=(e020a080,80806020): Prob: 3
([],[15,14,])=(0,c000): ->([31,0,],[15,14,])=(80000001,c000)->([14,13,0,],[31,15,14,0,])=(6001,8000c001)->: ([31,30,22,16,15,14,8,0,],[31,24,15,14,6,0,])=(c041c101,8100c041): Prob: 2
([],[16,15,])=(0,18000): ->([1,0,],[16,15,])=(3,18000)->([15,14,1,],[16,15,1,])=(c002,18002)->: ([31,23,17,15,9,1,0,],[25,16,15,7,1,])=(80828203,2018082): Prob: 3
([],[17,16,])=(0,30000): ->([2,1,],[17,16,])=(6,30000)->([16,15,2,1,],[17,16,2,])=(18006,30004)->: ([24,18,16,10,2,1,0,],[26,17,16,8,2,])=(1050407,4030104): Prob: 3
([],[18,17,])=(0,60000): ->([3,2,],[18,17,])=(c,60000)->([17,16,3,2,],[18,17,3,])=(3000c,60008)->: ([25,19,17,11,3,2,1,],[27,18,17,9,3,])=(20a080e,8060208): Prob: 3
([],[19,18,])=(0,c0000): ->([4,3,],[19,18,])=(18,c0000)->([18,17,4,3,],[19,18,4,])=(60018,c0010)->: ([26,20,18,12,4,3,2,],[28,19,18,10,4,])=(414101c,100c0410): Prob: 3
([],[20,19,])=(0,180000): ->([5,4,],[20,19,])=(30,180000)->([19,18,5,4,],[20,19,5,])=(c0030,180020)->: ([27,21,19,13,5,4,3,],[29,20,19,11,5,])=(8282038,20180820): Prob: 3
([],[21,20,])=(0,300000): ->([6,5,],[21,20,])=(60,300000)->([20,19,6,5,],[21,20,6,])=(180060,300040)->: ([28,22,20,14,6,5,4,],[30,21,20,12,6,])=(10504070,40301040): Prob: 3
([],[22,21,])=(0,600000): ->([7,6,],[22,21,])=(c0,600000)->([21,20,7,6,],[22,21,7,])=(3000c0,600080)->: ([29,23,21,15,7,6,5,],[31,22,21,13,7,])=(20a080e0,80602080): Prob: 3
([],[23,22,])=(0,c00000): ->([8,7,],[23,22,])=(180,c00000)->([22,21,8,7,],[23,22,8,])=(600180,c00100)->: ([30,24,22,16,8,7,6,],[23,22,14,8,0,])=(414101c0,c04101): Prob: 3
([],[24,23,])=(0,1800000): ->([9,8,],[24,23,])=(300,1800000)->([23,22,9,8,],[24,23,9,])=(c00300,1800200)->: ([31,25,23,17,9,8,7,],[24,23,15,9,1,])=(82820380,1808202): Prob: 3
([],[25,24,])=(0,3000000): ->([10,9,],[25,24,])=(600,3000000)->([24,23,10,9,],[25,24,10,])=(1800600,3000400)->: ([26,24,18,10,9,8,0,],[25,24,16,10,2,])=(5040701,3010404): Prob: 3
([],[26,25,])=(0,6000000): ->([11,10,],[26,25,])=(c00,6000000)->([25,24,11,10,],[26,25,11,])=(3000c00,6000800)->: ([27,25,19,11,10,9,1,],[26,25,17,11,3,])=(a080e02,6020808): Prob: 3
([],[27,26,])=(0,c000000): ->([12,11,],[27,26,])=(1800,c000000)->([26,25,12,11,],[27,26,12,])=(6001800,c001000)->: ([28,26,20,12,11,10,2,],[27,26,18,12,4,])=(14101c04,c041010): Prob: 3
([],[28,27,])=(0,18000000): ->([13,12,],[28,27,])=(3000,18000000)->([27,26,13,12,],[28,27,13,])=(c003000,18002000)->: ([29,27,21,13,12,11,3,],[28,27,19,13,5,])=(28203808,18082020): Prob: 3
([],[29,28,])=(0,30000000): ->([14,13,],[29,28,])=(6000,30000000)->([28,27,14,13,],[29,28,14,])=(18006000,30004000)->: ([30,28,22,14,13,12,4,],[29,28,20,14,6,])=(50407010,30104040): Prob: 3
([],[30,29,])=(0,60000000): ->([15,14,],[30,29,])=(c000,60000000)->([29,28,15,14,],[30,29,15,])=(3000c000,60008000)->: ([31,29,23,15,14,13,5,],[30,29,21,15,7,])=(a080e020,60208080): Prob: 3
([],[31,30,])=(0,c0000000): ->([16,15,],[31,30,])=(18000,c0000000)->([30,29,16,15,],[31,30,16,])=(60018000,c0010000)->: ([30,24,16,15,14,6,0,],[31,30,22,16,8,])=(4101c041,c0410100): Prob: 3