([0,],[])=(1,0): ->([23,0,],[31,])=(800001,80000000)->([25,16,2,0,],[31,17,8,6,])=(2010005,80020140)->: ([31,30,25,7,5,2,0,],[31,25,17,16,8,6,2,0,])=(c20000a5,82030145): Prob: 5
([1,],[])=(2,0): ->([24,1,],[0,])=(1000002,1)->([26,17,3,1,],[18,9,7,0,])=(402000a,40281)->: ([31,26,8,6,3,2,],[26,18,17,9,7,3,0,])=(8400014c,4060289): Prob: 8
([2,],[])=(4,0): ->([25,2,1,],[1,])=(2000006,2)->([27,18,4,2,],[19,10,8,1,])=(8040014,80502)->: ([27,9,7,4,3,0,],[27,19,18,10,8,4,1,])=(8000299,80c0512): Prob: 8
([3,],[])=(8,0): ->([26,3,2,],[2,])=(400000c,4)->([28,27,26,19,5,3,],[20,11,10,2,])=(1c080028,100c04)->: ([28,10,9,5,4,1,],[28,20,19,11,10,5,2,])=(10000632,10180c24): Prob: 8
([4,],[])=(10,0): ->([27,4,3,],[3,])=(8000018,8)->([29,20,6,5,],[21,20,19,12,10,3,])=(20100060,381408)->: ([29,11,9,6,5,2,],[29,21,12,10,6,3,])=(20000a64,20201448): Prob: 8
([5,],[])=(20,0): ->([28,5,4,],[4,])=(10000030,10)->([30,28,27,21,7,5,],[22,13,4,])=(582000a0,402010)->: ([30,28,27,12,7,6,3,],[30,28,22,21,13,7,4,])=(580010c8,50602090): Prob: 8
([6,],[])=(40,0): ->([29,28,6,],[5,4,])=(30000040,30)->([31,29,22,21,8,7,6,],[23,22,14,5,4,])=(a06001c0,c04030)->: ([31,30,13,8,7,6,4,3,],[31,23,14,8,7,5,4,])=(c00021d8,808041b0): Prob: 8
([7,],[])=(80,0): ->([30,7,6,],[6,])=(400000c0,40)->([23,9,7,0,],[24,15,13,6,])=(800281,100a040)->: ([31,14,12,9,8,5,0,],[24,23,15,13,9,6,0,])=(80005321,180a241): Prob: 7
([8,],[])=(100,0): ->([31,8,7,],[7,])=(80000180,80)->([24,10,8,1,],[25,16,14,7,])=(1000502,2014080)->: ([15,13,10,9,6,1,0,],[25,24,16,14,10,7,1,])=(a643,3014482): Prob: 8
([9,],[])=(200,0): ->([9,8,0,],[8,])=(301,100)->([25,11,9,2,0,],[26,17,8,])=(2000a05,4020100)->: ([31,16,11,10,7,2,0,],[26,25,17,11,8,2,0,])=(80010c85,6020905): Prob: 6
([10,],[])=(400,0): ->([10,9,1,],[9,])=(602,200)->([26,12,10,3,1,],[27,18,9,])=(400140a,8040200)->: ([25,24,17,12,11,8,3,2,],[27,26,25,18,12,9,3,])=(302190c,e041208): Prob: 8
([11,],[])=(800,0): ->([11,2,1,],[10,9,])=(806,600)->([27,26,13,12,11,4,2,],[28,27,19,10,9,])=(c003814,18080600)->: ([18,13,9,8,4,3,],[28,19,13,10,9,4,])=(42318,10082610): Prob: 8
([12,],[])=(1000,0): ->([12,11,3,],[11,])=(1808,800)->([28,14,12,5,4,3,],[29,20,19,11,])=(10005038,20180800)->: ([19,18,14,13,10,5,],[29,28,20,19,14,11,5,])=(c6420,30184820): Prob: 8
([13,],[])=(2000,0): ->([13,4,3,],[12,11,])=(2018,1800)->([29,28,15,14,13,6,4,],[30,29,21,12,11,])=(3000e050,60201800)->: ([20,15,11,10,6,5,],[30,21,15,12,11,6,])=(108c60,40209840): Prob: 8
([14,],[])=(4000,0): ->([14,5,4,],[13,12,])=(4030,3000)->([30,29,16,15,14,7,5,],[31,30,22,13,12,])=(6001c0a0,c0403000)->: ([21,16,12,11,7,6,],[31,22,16,13,12,7,])=(2118c0,80413080): Prob: 8
([15,],[])=(8000,0): ->([15,14,6,],[14,])=(c040,4000)->([31,17,15,8,7,6,],[23,22,14,0,])=(800281c0,c04001)->: ([22,21,17,16,13,8,],[31,23,22,17,14,8,0,])=(632100,80c24101): Prob: 8
([16,],[])=(10000,0): ->([16,15,7,],[15,])=(18080,8000)->([18,16,9,8,7,0,],[24,23,15,1,])=(50381,1808002)->: ([31,23,22,18,17,14,9,],[24,23,18,15,9,1,0,])=(80c64200,1848203): Prob: 7
([17,],[])=(20000,0): ->([17,8,7,],[16,15,])=(20180,18000)->([19,18,17,10,8,1,0,],[25,16,15,2,1,])=(e0503,2018006)->: ([24,19,16,14,10,9,0,],[25,19,18,17,15,10,2,])=(1094601,20e8404): Prob: 8
([18,],[])=(40000,0): ->([18,17,9,],[17,])=(60200,20000)->([20,19,11,10,9,2,],[26,25,17,3,2,1,])=(180e04,602000e)->: ([25,24,20,18,16,11,1,0,],[26,25,20,19,17,11,3,1,])=(3150803,61a080a): Prob: 8
([19,],[])=(80000,0): ->([19,18,10,],[18,])=(c0400,40000)->([21,19,12,3,],[27,25,18,4,])=(281008,a040010)->: ([26,24,21,20,17,12,],[27,25,21,18,12,4,3,])=(5321000,a241018): Prob: 8
([20,],[])=(100000,0): ->([20,11,10,],[19,18,])=(100c00,c0000)->([22,13,11,4,3,],[28,19,18,5,3,])=(402818,100c0028)->: ([27,22,18,17,13,12,],[28,22,19,18,13,5,4,])=(8463000,104c2030): Prob: 8
([21,],[])=(200000,0): ->([21,20,12,],[20,])=(301000,100000)->([23,21,14,5,],[29,27,20,6,])=(a04020,28100040)->: ([28,26,23,22,19,14,],[29,27,23,20,14,6,5,])=(14c84000,28904060): Prob: 8
([22,],[])=(400000,0): ->([22,21,13,],[21,])=(602000,200000)->([24,22,15,6,],[30,28,21,7,])=(1408040,50200080)->: ([29,27,24,23,20,15,],[30,28,24,21,15,7,6,])=(29908000,512080c0): Prob: 8
([23,],[])=(800000,0): ->([23,22,14,],[22,])=(c04000,400000)->([25,23,16,15,14,7,],[31,30,22,8,])=(281c080,c0400100)->: ([30,29,25,23,21,16,15,14,],[31,30,25,24,22,16,15,8,7,])=(62a1c000,c3418180): Prob: 8
([24,],[])=(1000000,0): ->([24,23,15,],[23,])=(1808000,800000)->([26,24,17,8,],[30,23,9,0,])=(5020100,40800201)->: ([31,29,26,25,22,17,],[30,26,23,17,9,8,0,])=(a6420000,44820301): Prob: 8
([25,],[])=(2000000,0): ->([25,16,15,],[24,23,])=(2018000,1800000)->([27,18,16,9,8,],[24,23,10,8,1,])=(8050300,1800502)->: ([27,23,22,18,17,0,],[27,24,23,18,10,9,1,])=(8c60001,9840602): Prob: 8
([26,],[])=(4000000,0): ->([26,25,17,],[25,])=(6020000,2000000)->([28,27,19,10,],[25,11,10,9,2,0,])=(18080400,2000e05)->: ([31,28,27,24,19,1,],[28,25,19,11,2,0,])=(99080002,12080805): Prob: 8
([27,],[])=(8000000,0): ->([27,26,18,],[26,])=(c040000,4000000)->([29,28,20,19,18,11,],[26,12,11,10,3,2,])=(301c0800,4001c0c)->: ([29,28,25,20,2,1,],[29,26,20,12,3,2,])=(32100006,2410100c): Prob: 8
([28,],[])=(10000000,0): ->([28,27,19,],[27,])=(18080000,8000000)->([30,28,21,12,],[27,13,4,2,])=(50201000,8002014)->: ([30,29,26,21,3,1,],[30,27,21,13,12,4,2,])=(6420000a,48203014): Prob: 8
([29,],[])=(20000000,0): ->([29,28,20,],[28,])=(30100000,10000000)->([31,29,22,13,],[28,14,5,3,])=(a0402000,10004028)->: ([31,30,27,22,4,2,],[31,28,22,14,13,5,3,])=(c8400014,90406028): Prob: 8
([30,],[])=(40000000,0): ->([30,21,20,],[29,28,])=(40300000,30000000)->([23,21,14,13,0,],[29,28,15,13,6,])=(a06001,3000a040)->: ([31,28,27,23,22,13,12,5,0,],[29,28,23,15,14,13,6,0,])=(98c03021,3080e041): Prob: 7
([31,],[])=(80000000,0): ->([31,22,21,],[30,29,])=(80600000,60000000)->([24,22,15,14,1,],[30,29,16,14,7,])=(140c002,60014080)->: ([29,28,24,23,14,13,6,1,],[30,29,24,16,15,14,7,1,])=(31806042,6101c082): Prob: 8

([1,0,],[])=(3,0): ->([24,23,1,],[31,0,])=(1800002,80000001)->([26,24,17,16,3,1,],[31,18,9,0,])=(503000a,80040201)->: ([31,30,26,25,16,8,3,2,],[31,26,18,17,9,3,0,])=(c601010c,84060209): Prob: 8
([2,1,],[])=(6,0): ->([25,2,],[1,])=(2000004,2)->([27,18,4,2,1,],[19,10,8,1,])=(8040016,80502)->: ([27,9,7,4,3,1,0,],[27,19,18,10,8,4,3,2,1,])=(800029b,80c051e): Prob: 8
([3,2,],[])=(c,0): ->([26,3,],[2,])=(4000008,4)->([28,19,5,4,3,],[20,19,11,9,2,])=(10080038,180a04)->: ([28,18,10,8,5,1,],[28,20,11,9,5,2,])=(10040522,10100a24): Prob: 8
([4,3,],[])=(18,0): ->([27,26,4,3,],[3,2,])=(c000018,c)->([29,27,20,19,6,4,],[21,12,3,2,])=(28180050,20100c)->: ([29,28,18,11,6,4,2,1,],[29,21,20,19,12,6,5,3,2,])=(30040856,2038106c): Prob: 8
([5,4,],[])=(30,0): ->([28,5,],[4,])=(10000020,10)->([30,21,7,],[22,20,13,11,4,])=(40200080,502810)->: ([30,20,12,10,7,3,],[30,22,21,13,11,7,4,])=(40101488,40602890): Prob: 8
([6,5,],[])=(60,0): ->([29,6,],[5,])=(20000040,20)->([31,30,29,22,8,7,6,],[23,22,14,13,5,])=(e04001c0,c06020)->: ([31,20,13,12,8,4,],[31,23,21,14,13,8,5,])=(80103110,80a06120): Prob: 8
([7,6,],[])=(c0,0): ->([30,7,],[6,])=(40000080,40)->([23,9,0,],[24,22,15,13,6,])=(800201,140a040)->: ([31,22,14,12,9,5,0,],[24,23,15,13,9,6,0,])=(80405221,180a241): Prob: 7
([8,7,],[])=(180,0): ->([31,30,8,7,],[7,6,])=(c0000180,c0)->([31,24,23,10,9,1,],[25,24,23,16,7,6,])=(81800602,38100c0)->: ([31,23,15,10,9,6,5,1,],[31,25,16,10,7,6,1,])=(80808662,820104c2): Prob: 8
([9,8,],[])=(300,0): ->([9,0,],[8,])=(201,100)->([25,11,2,0,],[26,24,17,8,])=(2000805,5020100)->: ([31,24,16,11,7,2,0,],[26,25,17,11,8,2,0,])=(81010885,6020905): Prob: 6
([10,9,],[])=(600,0): ->([10,1,],[9,])=(402,200)->([26,12,3,1,],[27,25,18,9,])=(400100a,a040200)->: ([25,17,12,8,3,2,],[27,26,18,12,9,3,])=(202110c,c041208): Prob: 8
([11,10,],[])=(c00,0): ->([11,10,2,1,],[10,9,])=(c06,600)->([27,26,13,11,4,2,],[28,19,10,9,])=(c002814,10080600)->: ([25,18,13,11,9,8,4,1,],[28,27,26,19,13,12,10,9,4,3,2,])=(2042b12,1c08361c): Prob: 8
([12,11,],[])=(1800,0): ->([12,3,],[11,])=(1008,800)->([28,14,5,],[29,27,20,18,11,])=(10004020,28140800)->: ([27,19,17,14,10,5,],[29,28,20,18,14,11,5,])=(80a4420,30144820): Prob: 8
([13,12,],[])=(3000,0): ->([13,4,],[12,])=(2010,1000)->([29,15,6,],[30,28,21,19,12,])=(20008040,50281000)->: ([27,20,18,15,11,6,],[30,29,28,21,19,15,12,6,])=(8148840,70289040): Prob: 8
([14,13,],[])=(6000,0): ->([14,13,5,4,],[13,12,])=(6030,3000)->([30,29,16,14,7,5,],[31,22,13,12,])=(600140a0,80403000)->: ([29,21,16,15,12,11,7,6,],[31,30,22,16,13,12,7,])=(202198c0,c0413080): Prob: 8
([15,14,],[])=(c000,0): ->([15,14,6,5,],[14,13,])=(c060,6000)->([31,30,17,15,8,6,],[23,14,13,0,])=(c0028140,806001)->: ([30,22,17,16,13,12,8,7,],[31,23,17,14,13,8,0,])=(40433180,80826101): Prob: 8
([16,15,],[])=(18000,0): ->([16,7,],[15,])=(10080,8000)->([18,17,16,9,0,],[24,22,15,1,0,])=(70201,1408003)->: ([23,21,18,17,16,14,9,],[24,22,18,17,15,9,1,])=(a74200,1468202): Prob: 7
([17,16,],[])=(30000,0): ->([17,8,],[16,])=(20100,10000)->([19,10,1,],[25,23,16,2,0,])=(80402,2810005)->: ([24,22,19,15,10,0,],[25,23,19,16,10,2,1,])=(1488401,2890406): Prob: 8
([18,17,],[])=(60000,0): ->([18,17,9,8,],[17,16,])=(60300,30000)->([20,18,11,9,2,1,],[26,17,16,3,])=(140a06,4030008)->: ([25,20,19,16,15,11,10,1,],[26,20,17,16,11,3,2,])=(2198c02,413080c): Prob: 8
([19,18,],[])=(c0000,0): ->([19,10,],[18,])=(80400,40000)->([21,20,19,12,3,],[27,25,18,4,3,])=(381008,a040018)->: ([26,24,21,20,19,17,12,2,],[27,25,21,19,18,12,4,])=(53a1004,a2c1010): Prob: 8
([20,19,],[])=(180000,0): ->([20,11,],[19,])=(100800,80000)->([22,13,12,11,4,],[28,27,19,5,3,])=(403810,18080028)->: ([27,26,22,18,13,2,],[28,27,22,19,13,5,4,3,])=(c442004,18482038): Prob: 8
([21,20,],[])=(300000,0): ->([21,12,],[20,])=(201000,100000)->([23,22,21,14,5,],[29,27,20,6,5,])=(e04020,28100060)->: ([28,26,23,19,14,4,],[29,27,23,20,14,6,])=(14884010,28904040): Prob: 8
([22,21,],[])=(600000,0): ->([22,13,],[21,])=(402000,200000)->([24,23,22,15,6,],[30,28,21,7,6,])=(1c08040,502000c0)->: ([29,27,24,20,15,4,],[30,28,24,21,15,7,5,])=(29108010,512080a0): Prob: 8
([23,22,],[])=(c00000,0): ->([23,14,],[22,])=(804000,400000)->([25,16,7,],[31,29,22,8,6,])=(2010080,a0400140)->: ([30,28,25,21,16,5,],[31,29,25,22,16,8,7,6,])=(52210020,a24101c0): Prob: 8
([24,23,],[])=(1800000,0): ->([24,15,],[23,])=(1008000,800000)->([26,17,8,],[30,23,9,7,0,])=(4020100,40800281)->: ([31,29,26,22,17,7,],[30,26,23,17,9,8,0,])=(a4420080,44820301): Prob: 8
([25,24,],[])=(3000000,0): ->([25,16,],[24,])=(2010000,1000000)->([27,18,9,],[31,24,10,8,1,])=(8040200,81000502)->: ([30,27,23,18,7,0,],[31,27,24,18,10,9,8,1,])=(48840081,89040702): Prob: 8
([26,25,],[])=(6000000,0): ->([26,17,],[25,])=(4020000,2000000)->([28,19,10,],[25,11,9,2,0,])=(10080400,2000a05)->: ([31,28,24,19,8,1,],[28,25,19,11,10,9,2,0,])=(91080102,12080e05): Prob: 8
([27,26,],[])=(c000000,0): ->([27,18,],[26,])=(8040000,4000000)->([29,28,27,20,11,],[26,12,11,3,1,])=(38100800,400180a)->: ([29,25,20,9,2,0,],[29,26,20,12,10,3,1,])=(22100205,2410140a): Prob: 8
([28,27,],[])=(18000000,0): ->([28,19,],[27,])=(10080000,8000000)->([30,21,12,],[27,13,11,4,2,])=(40201000,8002814)->: ([30,26,21,11,3,1,],[30,27,21,13,12,4,2,])=(4420080a,48203014): Prob: 8
([29,28,],[])=(30000000,0): ->([29,28,20,19,],[28,27,])=(30180000,18000000)->([31,29,22,20,13,12,],[28,27,14,5,])=(a0503000,18004020)->: ([31,30,27,26,22,21,12,4,],[31,28,27,22,14,13,5,])=(cc601010,98406020): Prob: 8
([30,29,],[])=(60000000,0): ->([30,21,],[29,])=(40200000,20000000)->([23,14,0,],[29,15,13,6,4,])=(804001,2000a050)->: ([31,28,23,12,5,3,0,],[29,23,15,14,13,6,4,0,])=(90801029,2080e051): Prob: 7
([31,30,],[])=(c0000000,0): ->([31,22,],[30,])=(80400000,40000000)->([24,15,1,],[30,16,14,7,5,])=(1008002,400140a0)->: ([29,24,13,6,4,1,],[30,24,16,15,14,7,5,1,])=(21002052,4101c0a2): Prob: 8

([],[0,])=(0,1): ->([24,],[0,])=(1000000,1)->([26,17,],[9,7,0,])=(4020000,281)->: ([31,26,17,8,6,],[26,17,9,7,0,])=(84020140,4020281): Prob: 4
([],[1,])=(0,2): ->([25,],[1,])=(2000000,2)->([27,18,],[10,8,1,])=(8040000,502)->: ([27,18,9,7,0,],[27,18,10,8,1,])=(8040281,8040502): Prob: 4
([],[2,])=(0,4): ->([26,],[2,])=(4000000,4)->([28,26,25,19,],[11,2,])=(16080000,804)->: ([28,27,25,19,10,1,],[28,27,26,19,11,2,])=(1a080402,1c080804): Prob: 4
([],[3,])=(0,8): ->([27,],[3,])=(8000000,8)->([29,27,26,20,],[12,3,])=(2c100000,1008)->: ([29,27,26,20,11,2,],[29,27,20,12,3,])=(2c100804,28101008): Prob: 4
([],[4,])=(0,10): ->([28,],[4,])=(10000000,10)->([30,21,],[13,11,4,])=(40200000,2810)->: ([30,21,12,10,3,],[30,21,13,11,4,])=(40201408,40202810): Prob: 4
([],[5,])=(0,20): ->([29,],[5,])=(20000000,20)->([31,22,],[14,12,5,])=(80400000,5020)->: ([31,22,13,11,4,],[31,22,14,12,5,])=(80402810,80405020): Prob: 4
([],[6,])=(0,40): ->([30,],[6,])=(40000000,40)->([23,0,],[15,13,6,])=(800001,a040)->: ([31,23,14,12,5,0,],[23,15,13,6,0,])=(80805021,80a041): Prob: 3
([],[7,])=(0,80): ->([31,],[7,])=(80000000,80)->([24,1,],[16,14,7,])=(1000002,14080)->: ([24,15,13,6,1,0,],[24,16,14,7,1,])=(100a043,1014082): Prob: 4
([],[8,])=(0,100): ->([0,],[8,])=(1,100)->([25,2,0,],[17,8,])=(2000005,20100)->: ([31,25,16,7,2,1,],[25,17,8,2,1,0,])=(82010086,2020107): Prob: 2
([],[9,])=(0,200): ->([1,],[9,])=(2,200)->([26,3,1,],[18,9,])=(400000a,40200)->: ([26,17,8,3,2,],[26,18,9,3,])=(402010c,4040208): Prob: 4
([],[10,])=(0,400): ->([2,],[10,])=(4,400)->([27,4,],[19,17,10,])=(8000010,a0400)->: ([27,18,16,9,4,],[27,19,17,10,4,])=(8050210,80a0410): Prob: 4
([],[11,])=(0,800): ->([3,],[11,])=(8,800)->([28,5,],[20,18,11,])=(10000020,140800)->: ([28,19,17,10,5,4,3,],[28,20,18,11,5,4,])=(100a0438,10140830): Prob: 4
([],[12,])=(0,1000): ->([4,],[12,])=(10,1000)->([29,6,],[21,19,12,])=(20000040,281000)->: ([29,20,18,11,6,],[29,21,19,12,6,])=(20140840,20281040): Prob: 4
([],[13,])=(0,2000): ->([5,],[13,])=(20,2000)->([30,7,5,4,],[22,13,])=(400000b0,402000)->: ([30,21,12,7,5,4,],[30,22,13,7,5,])=(402010b0,404020a0): Prob: 4
([],[14,])=(0,4000): ->([6,],[14,])=(40,4000)->([31,8,],[23,21,14,])=(80000100,a04000)->: ([31,22,20,13,8,],[31,23,21,14,8,])=(80502100,80a04100): Prob: 4
([],[15,])=(0,8000): ->([7,],[15,])=(80,8000)->([9,7,6,0,],[24,15,])=(2c1,1008000)->: ([31,23,14,9,7,6,0,],[24,15,9,7,0,])=(808042c1,1008281): Prob: 3
([],[16,])=(0,10000): ->([8,],[16,])=(100,10000)->([10,1,],[25,23,16,])=(402,2810000)->: ([24,22,15,10,1,0,],[25,23,16,10,1,])=(1408403,2810402): Prob: 4
([],[17,])=(0,20000): ->([9,],[17,])=(200,20000)->([11,2,],[26,24,17,])=(804,5020000)->: ([25,23,16,11,2,],[26,24,17,11,2,])=(2810804,5020804): Prob: 4
([],[18,])=(0,40000): ->([10,],[18,])=(400,40000)->([12,3,],[27,25,18,])=(1008,a040000)->: ([26,24,17,12,3,],[27,25,18,12,3,])=(5021008,a041008): Prob: 4
([],[19,])=(0,80000): ->([11,],[19,])=(800,80000)->([13,4,],[28,26,19,])=(2010,14080000)->: ([27,25,18,13,4,],[28,26,19,13,4,])=(a042010,14082010): Prob: 4
([],[20,])=(0,100000): ->([12,],[20,])=(1000,100000)->([14,5,],[29,27,20,])=(4020,28100000)->: ([28,26,19,14,5,],[29,27,20,14,5,])=(14084020,28104020): Prob: 4
([],[21,])=(0,200000): ->([13,],[21,])=(2000,200000)->([15,6,],[30,28,21,])=(8040,50200000)->: ([29,27,20,15,6,5,4,],[30,28,21,15,6,5,])=(28108070,50208060): Prob: 4
([],[22,])=(0,400000): ->([14,],[22,])=(4000,400000)->([16,7,],[31,29,22,])=(10080,a0400000)->: ([30,28,21,16,7,],[31,29,22,16,7,])=(50210080,a0410080): Prob: 4
([],[23,])=(0,800000): ->([15,],[23,])=(8000,800000)->([17,15,14,8,],[23,0,])=(2c100,800001)->: ([31,22,17,15,14,8,7,6,],[23,17,15,8,7,0,])=(8042c1c0,828181): Prob: 4
([],[24,])=(0,1000000): ->([16,],[24,])=(10000,1000000)->([18,9,],[31,24,1,])=(40200,81000002)->: ([30,23,18,9,0,],[31,24,18,9,1,])=(40840201,81040202): Prob: 4
([],[25,])=(0,2000000): ->([17,],[25,])=(20000,2000000)->([19,10,],[25,2,0,])=(80400,2000005)->: ([31,24,19,10,1,],[25,19,10,2,0,])=(81080402,2080405): Prob: 4
([],[26,])=(0,4000000): ->([18,],[26,])=(40000,4000000)->([20,11,],[26,3,1,])=(100800,400000a)->: ([25,20,11,2,0,],[26,20,11,3,1,])=(2100805,410080a): Prob: 4
([],[27,])=(0,8000000): ->([19,],[27,])=(80000,8000000)->([21,12,],[27,4,2,])=(201000,8000014)->: ([26,21,12,3,1,],[27,21,12,4,2,])=(420100a,8201014): Prob: 4
([],[28,])=(0,10000000): ->([20,],[28,])=(100000,10000000)->([22,13,],[28,5,3,])=(402000,10000028)->: ([27,22,13,4,2,],[28,22,13,5,3,])=(8402014,10402028): Prob: 4
([],[29,])=(0,20000000): ->([21,],[29,])=(200000,20000000)->([23,14,],[29,6,4,])=(804000,20000050)->: ([28,23,14,5,3,],[29,23,14,6,4,])=(10804028,20804050): Prob: 4
([],[30,])=(0,40000000): ->([22,],[30,])=(400000,40000000)->([24,15,],[30,7,5,])=(1008000,400000a0)->: ([29,24,15,6,4,],[30,24,15,7,5,])=(21008050,410080a0): Prob: 4
([],[31,])=(0,80000000): ->([23,],[31,])=(800000,80000000)->([25,16,],[31,8,6,])=(2010000,80000140)->: ([30,25,16,7,5,],[31,25,16,8,6,])=(420100a0,82010140): Prob: 4

([],[1,0,])=(0,3): ->([25,24,],[1,0,])=(3000000,3)->([27,25,18,17,],[10,1,0,])=(a060000,403)->: ([31,27,26,18,17,9,0,],[27,18,10,1,0,])=(8c060201,8040403): Prob: 4
([],[2,1,])=(0,6): ->([26,25,],[2,1,])=(6000000,6)->([28,26,19,18,],[11,2,1,])=(140c0000,806)->: ([28,27,19,18,10,1,0,],[28,19,11,2,1,])=(180c0403,10080806): Prob: 4
([],[3,2,])=(0,c): ->([27,26,],[3,2,])=(c000000,c)->([29,27,20,19,],[12,3,2,])=(28180000,100c)->: ([29,28,20,19,11,2,1,],[29,20,12,3,2,])=(30180806,2010100c): Prob: 4
([],[4,3,])=(0,18): ->([28,27,],[4,3,])=(18000000,18)->([30,28,21,20,],[13,4,3,])=(50300000,2018)->: ([30,29,21,20,12,3,2,],[30,21,13,4,3,])=(6030100c,40202018): Prob: 4
([],[5,4,])=(0,30): ->([29,28,],[5,4,])=(30000000,30)->([31,29,22,21,],[14,5,4,])=(a0600000,4030)->: ([31,30,22,21,13,4,3,],[31,22,14,5,4,])=(c0602018,80404030): Prob: 4
([],[6,5,])=(0,60): ->([30,29,],[6,5,])=(60000000,60)->([30,23,22,0,],[15,6,5,])=(40c00001,8060)->: ([31,30,23,22,14,5,4,0,],[30,23,15,6,5,0,])=(c0c04031,40808061): Prob: 3
([],[7,6,])=(0,c0): ->([31,30,],[7,6,])=(c0000000,c0)->([24,23,1,0,],[16,15,14,7,6,])=(1800003,1c0c0)->: ([24,23,15,14,13,6,5,1,0,],[24,16,15,14,7,6,1,])=(180e063,101c0c2): Prob: 4
([],[8,7,])=(0,180): ->([31,0,],[8,7,])=(80000001,180)->([25,24,2,1,0,],[17,16,14,8,7,])=(3000007,34180)->: ([31,25,24,16,15,13,7,6,2,],[25,17,16,14,8,7,2,1,0,])=(8301a0c4,2034187): Prob: 4
([],[9,8,])=(0,300): ->([1,0,],[9,8,])=(3,300)->([26,25,3,1,],[18,9,8,])=(600000a,40300)->: ([26,25,17,8,7,3,2,],[26,18,9,8,3,])=(602018c,4040308): Prob: 4
([],[10,9,])=(0,600): ->([2,1,],[10,9,])=(6,600)->([27,26,4,2,],[19,10,9,])=(c000014,80600)->: ([27,26,18,9,8,4,3,],[27,19,10,9,4,])=(c040318,8080610): Prob: 4
([],[11,10,])=(0,c00): ->([3,2,],[11,10,])=(c,c00)->([28,27,5,3,],[20,11,10,])=(18000028,100c00)->: ([28,27,19,10,9,5,4,],[28,20,11,10,5,])=(18080630,10100c20): Prob: 4
([],[12,11,])=(0,1800): ->([4,3,],[12,11,])=(18,1800)->([29,28,6,4,],[21,12,11,])=(30000050,201800)->: ([29,28,20,11,10,6,5,],[29,21,12,11,6,])=(30100c60,20201840): Prob: 4
([],[13,12,])=(0,3000): ->([5,4,],[13,12,])=(30,3000)->([30,29,7,5,],[22,13,12,])=(600000a0,403000)->: ([30,29,21,12,11,7,6,],[30,22,13,12,7,])=(602018c0,40403080): Prob: 4
([],[14,13,])=(0,6000): ->([6,5,],[14,13,])=(60,6000)->([31,30,8,6,],[23,14,13,])=(c0000140,806000)->: ([31,30,22,13,12,8,7,],[31,23,14,13,8,])=(c0403180,80806100): Prob: 4
([],[15,14,])=(0,c000): ->([7,6,],[15,14,])=(c0,c000)->([31,9,7,0,],[24,15,14,])=(80000281,100c000)->: ([23,14,13,9,8,0,],[31,24,15,14,9,0,])=(806301,8100c201): Prob: 4
([],[16,15,])=(0,18000): ->([8,7,],[16,15,])=(180,18000)->([10,8,1,0,],[25,16,15,])=(503,2018000)->: ([24,15,14,10,9,1,],[25,16,15,10,1,])=(100c602,2018402): Prob: 4
([],[17,16,])=(0,30000): ->([9,8,],[17,16,])=(300,30000)->([11,9,2,1,],[26,17,16,])=(a06,4030000)->: ([25,16,15,11,10,2,1,],[26,17,16,11,2,])=(2018c06,4030804): Prob: 4
([],[18,17,])=(0,60000): ->([10,9,],[18,17,])=(600,60000)->([12,10,3,2,],[27,18,17,])=(140c,8060000)->: ([26,17,16,12,11,3,2,],[27,18,17,12,3,])=(403180c,8061008): Prob: 4
([],[19,18,])=(0,c0000): ->([11,10,],[19,18,])=(c00,c0000)->([13,11,4,3,],[28,19,18,])=(2818,100c0000)->: ([27,18,17,13,12,4,2,],[28,19,18,13,4,3,])=(8063014,100c2018): Prob: 4
([],[20,19,])=(0,180000): ->([12,11,],[20,19,])=(1800,180000)->([14,12,5,4,],[29,20,19,])=(5030,20180000)->: ([28,19,18,14,13,5,4,],[29,20,19,14,5,])=(100c6030,20184020): Prob: 4
([],[21,20,])=(0,300000): ->([13,12,],[21,20,])=(3000,300000)->([15,13,6,5,],[30,21,20,])=(a060,40300000)->: ([29,20,19,15,14,6,5,],[30,21,20,15,6,])=(2018c060,40308040): Prob: 4
([],[22,21,])=(0,600000): ->([14,13,],[22,21,])=(6000,600000)->([16,14,7,6,],[31,22,21,])=(140c0,80600000)->: ([30,21,20,16,15,7,6,],[31,22,21,16,7,])=(403180c0,80610080): Prob: 4
([],[23,22,])=(0,c00000): ->([15,14,],[23,22,])=(c000,c00000)->([17,15,8,7,],[23,22,0,])=(28180,c00001)->: ([31,22,21,17,16,8,7,],[23,22,17,8,0,])=(80630180,c20101): Prob: 4
([],[24,23,])=(0,1800000): ->([16,15,],[24,23,])=(18000,1800000)->([18,16,9,8,],[24,23,1,])=(50300,1800002)->: ([23,22,18,17,9,8,0,],[24,23,18,9,1,])=(c60301,1840202): Prob: 4
([],[25,24,])=(0,3000000): ->([17,16,],[25,24,])=(30000,3000000)->([19,17,10,9,],[25,24,2,])=(a0600,3000004)->: ([24,23,19,18,10,9,1,],[25,24,19,10,2,])=(18c0602,3080404): Prob: 4
([],[26,25,])=(0,6000000): ->([18,17,],[26,25,])=(60000,6000000)->([20,18,11,10,],[26,25,3,])=(140c00,6000008)->: ([25,24,20,19,11,10,2,],[26,25,20,11,3,])=(3180c04,6100808): Prob: 4
([],[27,26,])=(0,c000000): ->([19,18,],[27,26,])=(c0000,c000000)->([21,19,12,11,],[27,26,4,])=(281800,c000010)->: ([26,25,21,20,12,11,3,],[27,26,21,12,4,])=(6301808,c201010): Prob: 4
([],[28,27,])=(0,18000000): ->([20,19,],[28,27,])=(180000,18000000)->([22,20,13,12,],[28,27,5,])=(503000,18000020)->: ([27,26,22,21,13,12,4,],[28,27,22,13,5,])=(c603010,18402020): Prob: 4
([],[29,28,])=(0,30000000): ->([21,20,],[29,28,])=(300000,30000000)->([23,21,14,13,],[29,28,6,])=(a06000,30000040)->: ([28,27,23,22,14,13,5,],[29,28,23,14,6,])=(18c06020,30804040): Prob: 4
([],[30,29,])=(0,60000000): ->([22,21,],[30,29,])=(600000,60000000)->([24,22,15,14,],[30,29,7,])=(140c000,60000080)->: ([29,28,24,23,15,14,6,],[30,29,24,15,7,])=(3180c040,61008080): Prob: 4
([],[31,30,])=(0,c0000000): ->([23,22,],[31,30,])=(c00000,c0000000)->([25,23,16,15,],[31,30,8,])=(2818000,c0000100)->: ([30,29,25,24,16,15,7,],[31,30,25,16,8,])=(63018080,c2010100): Prob: 4