(1,0)=([0,],[]): ->([8,5,],[61,])->([16,10,2,],[58,5,2,])->([63,24,21,18,15,],[55,13,7,2,])->([60,32,20,18,12,4,],[63,60,52,21,18,15,12,10,4,])->:([57,40,37,28,25,15,12,],[60,49,29,18,17,12,7,])=(200012012009000,1002000020061080): Prob: 31
(2,0)=([1,],[]): ->([9,6,],[62,])->([17,11,3,],[59,6,3,])->([25,22,19,16,0,],[56,14,8,3,])->([61,33,21,19,13,5,],[61,53,22,19,16,13,11,5,0,])->:([58,41,38,29,26,16,13,],[61,50,30,19,18,13,8,])=(400024024012000,20040000400c2100): Prob: 32
(4,0)=([2,],[]): ->([10,7,],[63,])->([18,12,4,],[60,7,4,])->([26,23,20,17,1,],[57,15,9,4,])->([62,34,22,20,14,6,],[62,54,23,20,17,14,12,6,1,])->:([59,42,39,30,29,28,27,17,14,],[62,51,31,20,19,14,9,])=(800048078024000,4008000080184200): Prob: 31
(8,0)=([3,],[]): ->([11,8,],[0,])->([19,13,5,],[61,8,5,])->([27,24,21,18,2,],[58,16,10,5,])->([63,35,23,21,15,7,],[63,55,24,21,18,15,13,7,2,])->:([60,43,40,31,30,29,28,18,15,],[63,52,32,21,20,15,10,])=(10000900f0048000,8010000100308400): Prob: 30
(10,0)=([4,],[]): ->([12,9,],[1,])->([20,14,6,],[62,9,6,])->([28,25,22,19,3,],[59,17,11,6,])->([36,24,22,16,8,0,],[56,25,22,19,16,14,8,3,0,])->:([61,44,41,32,31,30,29,19,16,],[53,33,22,21,16,11,0,])=(20001201e0090000,20000200610801): Prob: 32
(20,0)=([5,],[]): ->([13,10,],[2,])->([21,15,7,],[63,10,7,])->([29,26,23,20,4,],[60,18,12,7,])->([37,25,23,17,9,1,],[57,26,23,20,17,15,9,4,1,])->:([62,45,42,33,30,20,17,],[54,34,23,22,17,12,1,])=(4000240240120000,40000400c21002): Prob: 31
(40,0)=([6,],[]): ->([14,11,],[3,])->([22,16,8,],[11,8,0,])->([30,27,24,21,5,],[61,19,13,8,])->([38,26,24,18,10,2,],[58,27,24,21,18,16,10,5,2,])->:([63,46,43,33,32,31,21,18,],[55,35,24,23,18,13,2,])=(8000480380240000,80000801842004): Prob: 32
(80,0)=([7,],[]): ->([15,12,],[4,])->([23,17,9,],[12,9,1,])->([31,28,25,22,6,],[62,20,14,9,])->([39,27,25,19,11,3,],[59,28,25,22,19,17,11,6,3,])->:([47,44,35,32,22,19,0,],[56,36,25,24,19,14,3,])=(900900480001,100001003084008): Prob: 32
(100,0)=([8,],[]): ->([16,13,],[5,])->([24,18,10,],[13,10,2,])->([32,29,26,23,7,],[63,21,15,10,])->([40,28,26,20,12,4,],[60,29,26,23,20,18,12,7,4,])->:([48,45,36,33,23,20,1,],[57,37,26,25,20,15,4,])=(1201200900002,200002006108010): Prob: 31
(200,0)=([9,],[]): ->([17,14,],[6,])->([25,19,11,],[14,11,3,])->([33,30,27,24,8,],[22,16,11,0,])->([41,29,27,21,13,5,],[61,30,27,24,21,19,13,8,5,])->:([49,46,36,35,34,24,21,2,],[58,38,27,26,21,16,5,])=(2401c01200004,40000400c210020): Prob: 32
(400,0)=([10,],[]): ->([18,15,],[7,])->([26,20,12,],[15,12,4,])->([34,31,28,25,9,],[23,17,12,1,])->([42,30,28,22,14,6,],[62,31,28,25,22,20,14,9,6,])->:([50,47,38,35,25,22,3,],[59,39,28,27,22,17,6,])=(4804802400008,800008018420040): Prob: 32
(800,0)=([11,],[]): ->([19,16,],[8,])->([27,21,13,],[16,13,5,])->([35,32,29,26,10,],[24,18,13,2,])->([43,31,29,23,15,7,],[63,32,29,26,23,21,15,10,7,])->:([51,48,39,36,26,23,4,],[60,40,29,28,23,18,7,])=(9009004800010,1000010030840080): Prob: 31
(1000,0)=([12,],[]): ->([20,17,],[9,])->([28,22,14,],[17,14,6,])->([36,33,30,27,11,],[25,19,14,3,])->([44,32,30,24,16,8,],[33,30,27,24,22,16,11,8,0,])->:([52,49,39,38,37,27,24,5,],[61,41,30,29,24,19,8,])=(1200e009000020,2000020061080100): Prob: 32
(2000,0)=([13,],[]): ->([21,18,],[10,])->([29,23,15,],[18,15,7,])->([37,34,31,28,12,],[26,20,15,4,])->([45,33,31,25,17,9,],[34,31,28,25,23,17,12,9,1,])->:([53,50,40,39,38,28,25,7,6,],[62,42,31,30,25,20,9,])=(2401c0120000c0,40000400c2100200): Prob: 32
(4000,0)=([14,],[]): ->([22,19,],[11,])->([30,24,16,],[19,16,8,])->([38,35,32,29,13,],[27,21,16,5,])->([46,34,32,26,18,10,],[35,32,29,26,24,18,13,10,2,])->:([54,51,41,40,39,29,26,7,],[63,43,32,31,26,21,10,])=(48038024000080,8000080184200400): Prob: 31
(8000,0)=([15,],[]): ->([23,20,],[12,])->([31,25,17,],[20,17,9,])->([39,36,33,30,14,],[28,22,17,6,])->([47,35,33,27,19,11,],[36,33,30,27,25,19,14,11,3,])->:([55,52,42,41,40,30,27,8,],[44,33,32,27,22,11,0,])=(90070048000100,100308400801): Prob: 32
(10000,0)=([16,],[]): ->([24,21,],[13,])->([32,26,18,],[21,18,10,])->([40,37,34,31,15,],[29,23,18,7,])->([48,36,34,28,20,12,],[37,34,31,28,26,20,15,12,4,])->:([56,53,43,42,41,31,28,9,],[45,34,33,28,23,12,1,])=(1200e0090000200,200610801002): Prob: 32
(20000,0)=([17,],[]): ->([25,22,],[14,])->([33,27,19,],[22,19,11,])->([41,38,35,32,16,],[30,24,19,8,])->([49,37,35,29,21,13,],[38,35,32,29,27,21,16,13,5,])->:([57,54,45,42,32,29,10,],[46,35,34,29,24,13,2,])=(240240120000400,400c21002004): Prob: 32
(40000,0)=([18,],[]): ->([26,23,],[15,])->([34,28,20,],[23,20,12,])->([42,39,36,33,17,],[31,25,20,9,])->([50,38,36,30,22,14,],[39,36,33,30,28,22,17,14,6,])->:([58,55,46,43,33,30,11,],[47,36,35,30,25,14,3,])=(480480240000800,801842004008): Prob: 32
(80000,0)=([19,],[]): ->([27,24,],[16,])->([35,29,21,],[24,21,13,])->([43,40,37,34,18,],[32,26,21,10,])->([51,39,37,31,23,15,],[40,37,34,31,29,23,18,15,7,])->:([59,56,46,45,44,34,31,12,],[48,37,36,31,26,15,4,])=(900700480001000,1003084008010): Prob: 32
(100000,0)=([20,],[]): ->([28,25,],[17,])->([36,30,22,],[25,22,14,])->([44,41,38,35,19,],[33,27,22,11,])->([52,40,38,32,24,16,],[41,38,35,32,30,24,19,16,8,])->:([60,57,48,45,35,32,13,],[49,38,37,32,27,16,5,])=(1201200900002000,2006108010020): Prob: 32
(200000,0)=([21,],[]): ->([29,26,],[18,])->([37,31,23,],[26,23,15,])->([45,42,39,36,20,],[34,28,23,12,])->([53,41,39,33,25,17,],[42,39,36,33,31,25,20,17,9,])->:([61,58,49,46,36,33,14,],[50,39,38,33,28,17,6,])=(2402401200004000,400c210020040): Prob: 32
(400000,0)=([22,],[]): ->([30,27,],[19,])->([38,32,24,],[27,24,16,])->([46,43,40,37,21,],[35,29,24,13,])->([54,42,40,34,26,18,],[43,40,37,34,32,26,21,18,10,])->:([62,59,50,47,37,34,15,],[51,40,39,34,29,18,7,])=(4804802400008000,8018420040080): Prob: 32
(800000,0)=([23,],[]): ->([31,28,],[20,])->([39,33,25,],[28,25,17,])->([47,44,41,38,22,],[36,30,25,14,])->([55,43,41,35,27,19,],[44,41,38,35,33,27,22,19,11,])->:([63,60,50,49,48,38,35,16,],[52,41,40,35,30,19,8,])=(9007004800010000,10030840080100): Prob: 32
(1000000,0)=([24,],[]): ->([32,29,],[21,])->([40,34,26,],[29,26,18,])->([48,45,42,39,23,],[37,31,26,15,])->([56,44,42,36,28,20,],[45,42,39,36,34,28,23,20,12,])->:([61,52,49,39,36,17,0,],[53,42,41,36,31,20,9,])=(2012009000020001,20061080100200): Prob: 32
(2000000,0)=([25,],[]): ->([33,30,],[22,])->([41,35,27,],[30,27,19,])->([49,46,43,40,24,],[38,32,27,16,])->([57,45,43,37,29,21,],[46,43,40,37,35,29,24,21,13,])->:([62,53,50,40,37,18,1,],[54,43,42,37,32,21,10,])=(4024012000040002,400c2100200400): Prob: 32
(4000000,0)=([26,],[]): ->([34,31,],[23,])->([42,36,28,],[31,28,20,])->([50,47,44,41,25,],[39,33,28,17,])->([58,46,44,38,30,22,],[47,44,41,38,36,30,25,22,14,])->:([63,54,51,41,38,19,2,],[55,44,43,38,33,22,11,])=(8048024000080004,80184200400800): Prob: 32
(8000000,0)=([27,],[]): ->([35,32,],[24,])->([43,37,29,],[32,29,21,])->([51,48,45,42,26,],[40,34,29,18,])->([59,47,45,39,31,23,],[48,45,42,39,37,31,26,23,15,])->:([55,52,42,39,20,3,0,],[56,45,44,39,34,23,12,])=(90048000100009,100308400801000): Prob: 32
(10000000,0)=([28,],[]): ->([36,33,],[25,])->([44,38,30,],[33,30,22,])->([52,49,46,43,27,],[41,35,30,19,])->([60,48,46,40,32,24,],[49,46,43,40,38,32,27,24,16,])->:([56,53,43,40,21,4,1,],[57,46,45,40,35,24,13,])=(120090000200012,200610801002000): Prob: 32
(20000000,0)=([29,],[]): ->([37,34,],[26,])->([45,39,31,],[34,31,23,])->([53,50,47,44,28,],[42,36,31,20,])->([61,49,47,41,33,25,],[50,47,44,41,39,33,28,25,17,])->:([57,56,55,54,44,41,22,5,2,],[58,47,46,41,36,25,14,])=(3c0120000400024,400c21002004000): Prob: 32
(40000000,0)=([30,],[]): ->([38,35,],[27,])->([46,40,32,],[35,32,24,])->([54,51,48,45,29,],[43,37,32,21,])->([62,50,48,42,34,26,],[51,48,45,42,40,34,29,26,18,])->:([58,57,56,55,45,42,23,6,3,],[59,48,47,42,37,26,15,])=(780240000800048,801842004008000): Prob: 32
(80000000,0)=([31,],[]): ->([39,36,],[28,])->([47,41,33,],[36,33,25,])->([55,52,49,46,30,],[44,38,33,22,])->([63,51,49,43,35,27,],[52,49,46,43,41,35,30,27,19,])->:([59,56,46,43,24,7,4,],[60,49,48,43,38,27,16,])=(900480001000090,1003084008010000): Prob: 31
(100000000,0)=([32,],[]): ->([40,37,],[29,])->([48,42,34,],[37,34,26,])->([56,53,50,47,31,],[45,39,34,23,])->([52,50,44,36,28,0,],[53,50,47,44,42,36,31,28,20,])->:([60,57,47,44,25,8,5,],[61,50,49,44,39,28,17,])=(1200900002000120,2006108010020000): Prob: 32
(200000000,0)=([33,],[]): ->([41,38,],[30,])->([49,43,35,],[38,35,27,])->([57,54,51,48,32,],[46,40,35,24,])->([53,51,45,37,29,1,],[54,51,48,45,43,37,32,29,21,])->:([60,59,58,48,45,26,9,7,6,],[62,51,50,45,40,29,18,])=(1c012000040002c0,400c210020040000): Prob: 32
(400000000,0)=([34,],[]): ->([42,39,],[31,])->([50,44,36,],[39,36,28,])->([58,55,52,49,33,],[47,41,36,25,])->([54,52,46,38,30,2,],[55,52,49,46,44,38,33,30,22,])->:([62,59,49,46,27,10,7,],[63,52,51,46,41,30,19,])=(4802400008000480,8018420040080000): Prob: 31
(800000000,0)=([35,],[]): ->([43,40,],[32,])->([51,45,37,],[40,37,29,])->([59,56,53,50,34,],[48,42,37,26,])->([55,53,47,39,31,3,],[56,53,50,47,45,39,34,31,23,])->:([62,61,60,50,47,28,11,8,],[53,52,47,42,31,20,0,])=(7004800010000900,30840080100001): Prob: 32
(1000000000,0)=([36,],[]): ->([44,41,],[33,])->([52,46,38,],[41,38,30,])->([60,57,54,51,35,],[49,43,38,27,])->([56,54,48,40,32,4,],[57,54,51,48,46,40,35,32,24,])->:([61,51,48,29,12,9,0,],[54,53,48,43,32,21,1,])=(2009000020001201,61080100200002): Prob: 32
(2000000000,0)=([37,],[]): ->([45,42,],[34,])->([53,47,39,],[42,39,31,])->([61,58,55,52,36,],[50,44,39,28,])->([57,55,49,41,33,5,],[58,55,52,49,47,41,36,33,25,])->:([62,52,49,30,13,10,1,],[55,54,49,44,33,22,2,])=(4012000040002402,c2100200400004): Prob: 32
(4000000000,0)=([38,],[]): ->([46,43,],[35,])->([54,48,40,],[43,40,32,])->([62,59,56,53,37,],[51,45,40,29,])->([58,56,50,42,34,6,],[59,56,53,50,48,42,37,34,26,])->:([63,53,50,31,14,11,2,],[56,55,50,45,34,23,3,])=(8024000080004804,184200400800008): Prob: 32
(8000000000,0)=([39,],[]): ->([47,44,],[36,])->([55,49,41,],[44,41,33,])->([63,60,57,54,38,],[52,46,41,30,])->([59,57,51,43,35,7,],[60,57,54,51,49,43,38,35,27,])->:([54,51,32,15,12,3,0,],[57,56,51,46,35,24,4,])=(48000100009009,308400801000010): Prob: 31
(10000000000,0)=([40,],[]): ->([48,45,],[37,])->([56,50,42,],[45,42,34,])->([61,58,55,39,0,],[53,47,42,31,])->([60,58,52,44,36,8,],[61,58,55,52,50,44,39,36,28,])->:([55,52,33,16,13,4,1,],[58,57,52,47,36,25,5,])=(90000200012012,610801002000020): Prob: 32
(20000000000,0)=([41,],[]): ->([49,46,],[38,])->([57,51,43,],[46,43,35,])->([62,59,56,40,1,],[54,48,43,32,])->([61,59,53,45,37,9,],[62,59,56,53,51,45,40,37,29,])->:([56,53,34,17,14,5,2,],[59,58,53,48,37,26,6,])=(120000400024024,c21002004000040): Prob: 32
(40000000000,0)=([42,],[]): ->([50,47,],[39,])->([58,52,44,],[47,44,36,])->([63,60,57,41,2,],[55,49,44,33,])->([62,60,54,46,38,10,],[63,60,57,54,52,46,41,38,30,])->:([57,54,35,18,15,6,5,4,3,],[60,59,54,49,38,27,7,])=(240000800048078,1842004008000080): Prob: 31
(80000000000,0)=([43,],[]): ->([51,48,],[40,])->([59,53,45,],[48,45,37,])->([61,58,42,3,0,],[56,50,45,34,])->([63,61,55,47,39,11,],[61,58,55,53,47,42,39,31,0,])->:([58,55,36,19,16,7,4,],[61,60,55,50,39,28,8,])=(480001000090090,3084008010000100): Prob: 31
(100000000000,0)=([44,],[]): ->([52,49,],[41,])->([60,54,46,],[49,46,38,])->([62,59,43,4,1,],[57,51,46,35,])->([62,56,48,40,12,0,],[62,59,56,54,48,43,40,32,1,])->:([59,56,37,20,17,8,7,6,5,],[62,61,56,51,40,29,9,])=(9000020001201e0,6108010020000200): Prob: 31
(200000000000,0)=([45,],[]): ->([53,50,],[42,])->([61,55,47,],[50,47,39,])->([63,60,44,5,2,],[58,52,47,36,])->([63,57,49,41,13,1,],[63,60,57,55,49,44,41,33,2,])->:([60,57,38,21,18,9,6,],[63,62,57,52,41,30,10,])=(1200004000240240,c210020040000400): Prob: 30
(400000000000,0)=([46,],[]): ->([54,51,],[43,])->([62,56,48,],[51,48,40,])->([61,45,6,3,0,],[59,53,48,37,])->([58,50,42,14,2,0,],[61,58,56,50,45,42,34,3,0,])->:([61,58,39,22,19,10,7,],[63,58,53,42,31,11,0,])=(2400008000480480,8420040080000801): Prob: 31
(800000000000,0)=([47,],[]): ->([55,52,],[44,])->([63,57,49,],[52,49,41,])->([62,46,7,4,1,],[60,54,49,38,])->([59,51,43,15,3,1,],[62,59,57,51,46,43,35,4,1,])->:([62,59,40,23,20,11,8,],[59,54,43,32,12,1,0,])=(4800010000900900,840080100001003): Prob: 31
(1000000000000,0)=([48,],[]): ->([56,53,],[45,])->([58,50,0,],[53,50,42,])->([63,47,8,5,2,],[61,55,50,39,])->([60,52,44,16,4,2,],[63,60,58,52,47,44,36,5,2,])->:([63,60,41,24,21,12,9,],[60,55,44,33,13,2,1,])=(9000020001201200,1080100200002006): Prob: 31
(2000000000000,0)=([49,],[]): ->([57,54,],[46,])->([59,51,1,],[54,51,43,])->([48,9,6,3,0,],[62,56,51,40,])->([61,53,45,17,5,3,],[61,59,53,48,45,37,6,3,0,])->:([61,42,25,22,12,11,10,0,],[61,56,45,34,14,3,2,])=(2000040002401c01,210020040000400c): Prob: 32
(4000000000000,0)=([50,],[]): ->([58,55,],[47,])->([60,52,2,],[55,52,44,])->([49,10,7,4,1,],[63,57,52,41,])->([62,54,46,18,6,4,],[62,60,54,49,46,38,7,4,1,])->:([62,43,26,23,13,12,11,7,1,],[62,57,46,35,15,4,3,])=(4000080004803882,4200400800008018): Prob: 31
(8000000000000,0)=([51,],[]): ->([59,56,],[48,])->([61,53,3,],[56,53,45,])->([50,11,8,5,2,],[58,53,42,0,])->([63,55,47,19,7,5,],[63,61,55,50,47,39,8,5,2,])->:([63,44,27,24,15,12,2,],[63,58,47,36,16,5,4,])=(8000100009009004,8400801000010030): Prob: 30
(10000000000000,0)=([52,],[]): ->([60,57,],[49,])->([62,54,4,],[57,54,46,])->([51,12,9,6,3,],[59,54,43,1,])->([56,48,20,8,6,0,],[62,56,51,48,40,9,6,3,0,])->:([45,28,25,16,13,3,0,],[59,48,37,17,6,5,0,])=(200012012009,801002000020061): Prob: 32
(20000000000000,0)=([53,],[]): ->([61,58,],[50,])->([63,55,5,],[58,55,47,])->([52,13,10,7,4,],[60,55,44,2,])->([57,49,21,9,7,1,],[63,57,52,49,41,10,7,4,1,])->:([46,29,26,16,15,14,4,1,],[60,49,38,18,7,6,1,])=(40002401c012,10020040000400c2): Prob: 30
(40000000000000,0)=([54,],[]): ->([62,59,],[51,])->([56,6,0,],[59,56,48,])->([53,14,11,8,5,],[61,56,45,3,])->([58,50,22,10,8,2,],[58,53,50,42,11,8,5,2,0,])->:([47,30,27,17,16,15,5,2,],[61,50,39,19,8,7,2,])=(800048038024,2004008000080184): Prob: 32
(80000000000000,0)=([55,],[]): ->([63,60,],[52,])->([57,7,1,],[60,57,49,])->([54,15,12,9,6,],[62,57,46,4,])->([59,51,23,11,9,3,],[59,54,51,43,12,9,6,3,1,])->:([48,31,28,18,17,16,6,3,],[62,51,40,20,9,8,3,])=(1000090070048,4008010000100308): Prob: 31
(100000000000000,0)=([56,],[]): ->([61,0,],[53,])->([58,8,2,],[61,58,50,])->([55,16,13,10,7,],[63,58,47,5,])->([60,52,24,12,10,4,],[60,55,52,44,13,10,7,4,2,])->:([49,32,29,19,18,17,7,4,],[63,52,41,21,10,9,4,])=(20001200e0090,8010020000200610): Prob: 30
(200000000000000,0)=([57,],[]): ->([62,1,],[54,])->([59,9,3,],[62,59,51,])->([56,17,14,11,8,],[59,48,6,0,])->([61,53,25,13,11,5,],[61,56,53,45,14,11,8,5,3,])->:([50,33,30,20,19,18,8,5,],[53,42,22,11,10,5,0,])=(40002401c0120,20040000400c21): Prob: 32
(400000000000000,0)=([58,],[]): ->([63,2,],[55,])->([60,10,4,],[63,60,52,])->([57,18,15,12,9,],[60,49,7,1,])->([62,54,26,14,12,6,],[62,57,54,46,15,12,9,6,4,])->:([51,34,31,22,21,20,19,9,7,6,],[54,43,23,12,11,6,1,])=(80004807802c0,40080000801842): Prob: 31
(800000000000000,0)=([59,],[]): ->([3,0,],[56,])->([61,11,5,],[61,53,0,])->([58,19,16,13,10,],[61,50,8,2,])->([63,55,27,15,13,7,],[63,58,55,47,16,13,10,7,5,])->:([52,35,32,22,21,20,10,7,],[55,44,24,13,12,7,2,])=(10000900700480,80100001003084): Prob: 30
(1000000000000000,0)=([60,],[]): ->([4,1,],[57,])->([62,12,6,],[62,54,1,])->([59,20,17,14,11,],[62,51,9,3,])->([56,28,16,14,8,0,],[59,56,48,17,14,11,8,6,0,])->:([53,36,33,24,21,11,8,],[56,45,25,14,13,8,3,])=(20001201200900,100200002006108): Prob: 32
(2000000000000000,0)=([61,],[]): ->([5,2,],[58,])->([63,13,7,],[63,55,2,])->([60,21,18,15,12,],[63,52,10,4,])->([57,29,17,15,9,1,],[60,57,49,18,15,12,9,7,1,])->:([54,37,34,25,22,12,9,],[57,46,26,15,14,9,4,])=(40002402401200,20040000400c210): Prob: 30
(4000000000000000,0)=([62,],[]): ->([6,3,],[59,])->([14,8,0,],[56,3,0,])->([61,22,19,16,13,],[53,11,5,0,])->([58,30,18,16,10,2,],[61,58,50,19,16,13,10,8,2,])->:([55,38,35,25,24,23,13,10,],[58,47,27,16,15,10,5,])=(80004803802400,400800008018420): Prob: 32
(8000000000000000,0)=([63,],[]): ->([7,4,],[60,])->([15,9,1,],[57,4,1,])->([62,23,20,17,14,],[54,12,6,1,])->([59,31,19,17,11,3,],[62,59,51,20,17,14,11,9,3,])->:([56,39,36,26,25,24,14,11,],[59,48,28,17,16,11,6,])=(100009007004800,801000010030840): Prob: 31
(0,1)=([],[0,]): ->([5,],[61,])->([13,10,2,],[58,2,])->([63,21,15,10,],[55,10,7,])->([60,29,26,23,20,18,12,7,4,],[60,52,18,12,4,])->:([57,37,26,25,20,15,4,],[49,26,23,20,17,4,])=(200002006108010,2000004920010): Prob: 28
(0,2)=([],[1,]): ->([6,],[62,])->([14,11,3,],[59,3,])->([22,16,11,0,],[56,11,8,])->([61,30,27,24,21,19,13,8,5,],[61,53,19,13,5,])->:([58,38,27,26,21,16,5,],[50,27,24,21,18,5,])=(40000400c210020,4000009240020): Prob: 29
(0,4)=([],[2,]): ->([7,],[63,])->([15,12,4,],[60,4,])->([23,17,12,1,],[57,12,9,])->([62,31,28,25,22,20,14,9,6,],[62,54,20,14,6,])->:([59,39,28,27,22,17,6,],[51,28,25,22,19,6,])=(800008018420040,8000012480040): Prob: 28
(0,8)=([],[3,]): ->([8,],[0,])->([16,13,5,],[61,5,])->([24,18,13,2,],[58,13,10,])->([63,32,29,26,23,21,15,10,7,],[63,55,21,15,7,])->:([60,40,29,28,23,18,7,],[52,29,26,23,20,7,])=(1000010030840080,10000024900080): Prob: 27
(0,10)=([],[4,]): ->([9,],[1,])->([17,14,6,],[62,6,])->([25,19,14,3,],[59,14,11,])->([33,30,27,24,22,16,11,8,0,],[56,22,16,8,0,])->:([61,41,29,24,19,8,],[53,30,27,24,21,8,])=(2000020021080100,20000049200100): Prob: 29
(0,20)=([],[5,]): ->([10,],[2,])->([18,15,7,],[63,7,])->([26,20,15,4,],[60,15,12,])->([34,31,28,25,23,17,12,9,1,],[57,23,17,9,1,])->:([62,42,30,25,20,9,],[54,31,28,25,22,9,])=(4000040042100200,40000092400200): Prob: 28
(0,40)=([],[6,]): ->([11,],[3,])->([19,16,8,],[8,0,])->([27,21,16,5,],[61,16,13,])->([35,32,29,26,24,18,13,10,2,],[58,24,18,10,2,])->:([63,43,32,31,26,21,10,],[55,32,29,26,23,10,])=(8000080184200400,80000124800400): Prob: 29
(0,80)=([],[7,]): ->([12,],[4,])->([20,17,9,],[9,1,])->([28,22,17,6,],[62,17,14,])->([36,33,30,27,25,19,14,11,3,],[59,25,19,11,3,])->:([44,32,27,22,11,0,],[56,33,30,27,24,11,])=(100108400801,100000249000800): Prob: 29
(0,100)=([],[8,]): ->([13,],[5,])->([21,18,10,],[10,2,])->([29,23,18,7,],[63,18,15,])->([37,34,31,28,26,20,15,12,4,],[60,26,20,12,4,])->:([45,34,33,28,23,12,1,],[57,34,31,28,25,12,])=(200610801002,200000492001000): Prob: 28
(0,200)=([],[9,]): ->([14,],[6,])->([22,19,11,],[11,3,])->([30,24,19,8,],[19,16,0,])->([38,35,32,29,27,21,16,13,5,],[61,27,21,13,5,])->:([46,35,34,29,24,13,2,],[58,35,32,29,26,13,])=(400c21002004,400000924002000): Prob: 29
(0,400)=([],[10,]): ->([15,],[7,])->([23,20,12,],[12,4,])->([31,25,20,9,],[20,17,1,])->([39,36,33,30,28,22,17,14,6,],[62,28,22,14,6,])->:([47,36,35,30,25,14,3,],[59,36,33,30,27,14,])=(801842004008,800001248004000): Prob: 29
(0,800)=([],[11,]): ->([16,],[8,])->([24,21,13,],[13,5,])->([32,26,21,10,],[21,18,2,])->([40,37,34,31,29,23,18,15,7,],[63,29,23,15,7,])->:([48,37,36,31,26,15,4,],[60,37,34,31,28,15,])=(1003084008010,1000002490008000): Prob: 28
(0,1000)=([],[12,]): ->([17,],[9,])->([25,22,14,],[14,6,])->([33,27,22,11,],[22,19,3,])->([41,38,35,32,30,24,19,16,8,],[30,24,16,8,0,])->:([49,38,37,32,27,16,5,],[61,38,35,32,29,16,])=(2006108010020,2000004920010000): Prob: 29
(0,2000)=([],[13,]): ->([18,],[10,])->([26,23,15,],[15,7,])->([34,28,23,12,],[23,20,4,])->([42,39,36,33,31,25,20,17,9,],[31,25,17,9,1,])->:([50,39,38,33,28,17,7,6,],[62,39,36,33,30,17,])=(400c2100200c0,4000009240020000): Prob: 29
(0,4000)=([],[14,]): ->([19,],[11,])->([27,24,16,],[16,8,])->([35,29,24,13,],[24,21,5,])->([43,40,37,34,32,26,21,18,10,],[32,26,18,10,2,])->:([51,40,39,34,29,18,7,],[63,40,37,34,31,18,])=(8018420040080,8000012480040000): Prob: 28
(0,8000)=([],[15,]): ->([20,],[12,])->([28,25,17,],[17,9,])->([36,30,25,14,],[25,22,6,])->([44,41,38,35,33,27,22,19,11,],[33,27,19,11,3,])->:([52,41,40,35,30,19,8,],[41,38,35,32,19,0,])=(10030840080100,24900080001): Prob: 29
(0,10000)=([],[16,]): ->([21,],[13,])->([29,26,18,],[18,10,])->([37,31,26,15,],[26,23,7,])->([45,42,39,36,34,28,23,20,12,],[34,28,20,12,4,])->:([53,42,41,36,31,20,9,],[42,39,36,33,20,1,])=(20061080100200,49200100002): Prob: 29
(0,20000)=([],[17,]): ->([22,],[14,])->([30,27,19,],[19,11,])->([38,32,27,16,],[27,24,8,])->([46,43,40,37,35,29,24,21,13,],[35,29,21,13,5,])->:([54,42,37,32,21,10,],[43,40,37,34,21,2,])=(40042100200400,92400200004): Prob: 29
(0,40000)=([],[18,]): ->([23,],[15,])->([31,28,20,],[20,12,])->([39,33,28,17,],[28,25,9,])->([47,44,41,38,36,30,25,22,14,],[36,30,22,14,6,])->:([55,43,38,33,22,11,],[44,41,38,35,22,3,])=(80084200400800,124800400008): Prob: 29
(0,80000)=([],[19,]): ->([24,],[16,])->([32,29,21,],[21,13,])->([40,34,29,18,],[29,26,10,])->([48,45,42,39,37,31,26,23,15,],[37,31,23,15,7,])->:([56,44,39,34,23,12,],[45,42,39,36,23,4,])=(100108400801000,249000800010): Prob: 29
(0,100000)=([],[20,]): ->([25,],[17,])->([33,30,22,],[22,14,])->([41,35,30,19,],[30,27,11,])->([49,46,43,40,38,32,27,24,16,],[38,32,24,16,8,])->:([57,45,40,35,24,13,],[46,43,40,37,24,5,])=(200210801002000,492001000020): Prob: 29
(0,200000)=([],[21,]): ->([26,],[18,])->([34,31,23,],[23,15,])->([42,36,31,20,],[31,28,12,])->([50,47,44,41,39,33,28,25,17,],[39,33,25,17,9,])->:([58,47,46,41,36,25,14,],[47,44,41,38,25,6,])=(400c21002004000,924002000040): Prob: 29
(0,400000)=([],[22,]): ->([27,],[19,])->([35,32,24,],[24,16,])->([43,37,32,21,],[32,29,13,])->([51,48,45,42,40,34,29,26,18,],[40,34,26,18,10,])->:([59,48,47,42,37,26,15,],[48,45,42,39,26,7,])=(801842004008000,1248004000080): Prob: 29
(0,800000)=([],[23,]): ->([28,],[20,])->([36,33,25,],[25,17,])->([44,38,33,22,],[33,30,14,])->([52,49,46,43,41,35,30,27,19,],[41,35,27,19,11,])->:([60,48,43,38,27,16,],[49,46,43,40,27,8,])=(1001084008010000,2490008000100): Prob: 29
(0,1000000)=([],[24,]): ->([29,],[21,])->([37,34,26,],[26,18,])->([45,39,34,23,],[34,31,15,])->([53,50,47,44,42,36,31,28,20,],[42,36,28,20,12,])->:([61,50,49,44,39,28,17,],[50,47,44,41,28,9,])=(2006108010020000,4920010000200): Prob: 29
(0,2000000)=([],[25,]): ->([30,],[22,])->([38,35,27,],[27,19,])->([46,40,35,24,],[35,32,16,])->([54,51,48,45,43,37,32,29,21,],[43,37,29,21,13,])->:([62,51,50,45,40,29,18,],[51,48,45,42,29,10,])=(400c210020040000,9240020000400): Prob: 29
(0,4000000)=([],[26,]): ->([31,],[23,])->([39,36,28,],[28,20,])->([47,41,36,25,],[36,33,17,])->([55,52,49,46,44,38,33,30,22,],[44,38,30,22,14,])->:([63,52,51,46,41,30,19,],[52,49,46,43,30,11,])=(8018420040080000,12480040000800): Prob: 29
(0,8000000)=([],[27,]): ->([32,],[24,])->([40,37,29,],[29,21,])->([48,42,37,26,],[37,34,18,])->([56,53,50,47,45,39,34,31,23,],[45,39,31,23,15,])->:([53,52,47,42,31,20,0,],[53,50,47,44,31,12,])=(30840080100001,24900080001000): Prob: 29
(0,10000000)=([],[28,]): ->([33,],[25,])->([41,38,30,],[30,22,])->([49,43,38,27,],[38,35,19,])->([57,54,51,48,46,40,35,32,24,],[46,40,32,24,16,])->:([54,53,48,43,32,21,1,],[54,51,48,45,32,13,])=(61080100200002,49200100002000): Prob: 29
(0,20000000)=([],[29,]): ->([34,],[26,])->([42,39,31,],[31,23,])->([50,44,39,28,],[39,36,20,])->([58,55,52,49,47,41,36,33,25,],[47,41,33,25,17,])->:([55,54,49,44,33,22,2,],[55,52,49,46,33,14,])=(c2100200400004,92400200004000): Prob: 29
(0,40000000)=([],[30,]): ->([35,],[27,])->([43,40,32,],[32,24,])->([51,45,40,29,],[40,37,21,])->([59,56,53,50,48,42,37,34,26,],[48,42,34,26,18,])->:([56,55,50,45,34,23,3,],[56,53,50,47,34,15,])=(184200400800008,124800400008000): Prob: 29
(0,80000000)=([],[31,]): ->([36,],[28,])->([44,41,33,],[33,25,])->([52,46,41,30,],[41,38,22,])->([60,57,54,51,49,43,38,35,27,],[49,43,35,27,19,])->:([57,56,51,46,35,24,4,],[57,54,51,48,35,16,])=(308400801000010,249000800010000): Prob: 29
(0,100000000)=([],[32,]): ->([37,],[29,])->([45,42,34,],[34,26,])->([53,47,42,31,],[42,39,23,])->([61,58,55,52,50,44,39,36,28,],[50,44,36,28,20,])->:([57,52,47,36,25,5,],[58,55,52,49,36,17,])=(210801002000020,492001000020000): Prob: 29
(0,200000000)=([],[33,]): ->([38,],[30,])->([46,43,35,],[35,27,])->([54,48,43,32,],[43,40,24,])->([62,59,56,53,51,45,40,37,29,],[51,45,37,29,21,])->:([58,53,48,37,26,6,],[59,56,53,50,37,18,])=(421002004000040,924002000040000): Prob: 29
(0,400000000)=([],[34,]): ->([39,],[31,])->([47,44,36,],[36,28,])->([55,49,44,33,],[44,41,25,])->([63,60,57,54,52,46,41,38,30,],[52,46,38,30,22,])->:([60,59,54,49,38,27,7,],[60,57,54,51,38,19,])=(1842004008000080,1248004000080000): Prob: 28
(0,800000000)=([],[35,]): ->([40,],[32,])->([48,45,37,],[37,29,])->([56,50,45,34,],[45,42,26,])->([61,58,55,53,47,42,39,31,0,],[53,47,39,31,23,])->:([60,55,50,39,28,8,],[61,58,55,52,39,20,])=(1084008010000100,2490008000100000): Prob: 29
(0,1000000000)=([],[36,]): ->([41,],[33,])->([49,46,38,],[38,30,])->([57,51,46,35,],[46,43,27,])->([62,59,56,54,48,43,40,32,1,],[54,48,40,32,24,])->:([62,61,56,51,40,29,9,],[62,59,56,53,40,21,])=(6108010020000200,4920010000200000): Prob: 29
(0,2000000000)=([],[37,]): ->([42,],[34,])->([50,47,39,],[39,31,])->([58,52,47,36,],[47,44,28,])->([63,60,57,55,49,44,41,33,2,],[55,49,41,33,25,])->:([62,57,52,41,30,10,],[63,60,57,54,41,22,])=(4210020040000400,9240020000400000): Prob: 28
(0,4000000000)=([],[38,]): ->([43,],[35,])->([51,48,40,],[40,32,])->([59,53,48,37,],[48,45,29,])->([61,58,56,50,45,42,34,3,0,],[56,50,42,34,26,])->:([63,58,53,42,31,11,],[61,58,55,42,23,0,])=(8420040080000800,2480040000800001): Prob: 29
(0,8000000000)=([],[39,]): ->([44,],[36,])->([52,49,41,],[41,33,])->([60,54,49,38,],[49,46,30,])->([62,59,57,51,46,43,35,4,1,],[57,51,43,35,27,])->:([59,54,43,32,12,1,0,],[62,59,56,43,24,1,])=(840080100001003,4900080001000002): Prob: 29
(0,10000000000)=([],[40,]): ->([45,],[37,])->([53,50,42,],[42,34,])->([61,55,50,39,],[50,47,31,])->([63,60,58,52,47,44,36,5,2,],[58,52,44,36,28,])->:([60,55,44,33,13,2,1,],[63,60,57,44,25,2,])=(1080100200002006,9200100002000004): Prob: 28
(0,20000000000)=([],[41,]): ->([46,],[38,])->([54,51,43,],[43,35,])->([62,56,51,40,],[51,48,32,])->([61,59,53,48,45,37,6,3,0,],[59,53,45,37,29,])->:([61,56,45,34,14,3,2,],[61,58,45,26,3,0,])=(210020040000400c,2400200004000009): Prob: 29
(0,40000000000)=([],[42,]): ->([47,],[39,])->([55,52,44,],[44,36,])->([63,57,52,41,],[52,49,33,])->([62,60,54,49,46,38,7,4,1,],[60,54,46,38,30,])->:([62,57,46,35,15,4,3,],[62,59,46,27,4,1,])=(4200400800008018,4800400008000012): Prob: 28
(0,80000000000)=([],[43,]): ->([48,],[40,])->([56,53,45,],[45,37,])->([58,53,42,0,],[53,50,34,])->([63,61,55,50,47,39,8,5,2,],[61,55,47,39,31,])->:([63,58,47,36,16,5,4,],[63,60,47,28,5,2,])=(8400801000010030,9000800010000024): Prob: 28
(0,100000000000)=([],[44,]): ->([49,],[41,])->([57,54,46,],[46,38,])->([59,54,43,1,],[54,51,35,])->([62,56,51,48,40,9,6,3,0,],[62,56,48,40,32,])->:([59,48,37,17,6,5,0,],[61,48,29,6,3,0,])=(801002000020061,2001000020000049): Prob: 29
(0,200000000000)=([],[45,]): ->([50,],[42,])->([58,55,47,],[47,39,])->([60,55,44,2,],[55,52,36,])->([63,57,52,49,41,10,7,4,1,],[63,57,49,41,33,])->:([60,49,38,18,7,6,1,],[62,49,30,7,4,1,])=(10020040000400c2,4002000040000092): Prob: 27
(0,400000000000)=([],[46,]): ->([51,],[43,])->([59,56,48,],[48,40,])->([61,56,45,3,],[56,53,37,])->([58,53,50,42,11,8,5,2,0,],[58,50,42,34,0,])->:([61,50,39,19,8,7,2,],[63,50,31,8,5,2,])=(2004008000080184,8004000080000124): Prob: 28
(0,800000000000)=([],[47,]): ->([52,],[44,])->([60,57,49,],[49,41,])->([62,57,46,4,],[57,54,38,])->([59,54,51,43,12,9,6,3,1,],[59,51,43,35,1,])->:([62,51,40,20,8,3,],[51,32,9,6,3,0,])=(4008010000100108,8000100000249): Prob: 29
(0,1000000000000)=([],[48,]): ->([53,],[45,])->([61,58,50,],[50,42,])->([63,58,47,5,],[58,55,39,])->([60,55,52,44,13,10,7,4,2,],[60,52,44,36,2,])->:([63,52,41,21,9,4,],[52,33,10,7,4,1,])=(8010020000200210,10000200000492): Prob: 28
(0,2000000000000)=([],[49,]): ->([54,],[46,])->([62,59,51,],[51,43,])->([59,48,6,0,],[59,56,40,])->([61,56,53,45,14,11,8,5,3,],[61,53,45,37,3,])->:([53,42,22,10,5,0,],[53,34,11,8,5,2,])=(20040000400421,20000400000924): Prob: 29
(0,4000000000000)=([],[50,]): ->([55,],[47,])->([63,60,52,],[52,44,])->([60,49,7,1,],[60,57,41,])->([62,57,54,46,15,12,9,6,4,],[62,54,46,38,4,])->:([54,43,23,11,6,1,],[54,35,12,9,6,3,])=(40080000800842,40000800001248): Prob: 28
(0,8000000000000)=([],[51,]): ->([56,],[48,])->([61,53,0,],[53,45,])->([61,50,8,2,],[61,58,42,])->([63,58,55,47,16,13,10,7,5,],[63,55,47,39,5,])->:([55,44,24,12,7,2,],[55,36,13,10,7,4,])=(80100001001084,80001000002490): Prob: 27
(0,10000000000000)=([],[52,]): ->([57,],[49,])->([62,54,1,],[54,46,])->([62,51,9,3,],[62,59,43,])->([59,56,48,17,14,11,8,6,0,],[56,48,40,6,0,])->:([56,45,25,14,13,8,3,],[56,37,14,11,8,5,])=(100200002006108,100002000004920): Prob: 29
(0,20000000000000)=([],[53,]): ->([58,],[50,])->([63,55,2,],[55,47,])->([63,52,10,4,],[63,60,44,])->([60,57,49,18,15,12,9,7,1,],[57,49,41,7,1,])->:([57,46,26,14,9,4,],[57,38,15,12,9,6,])=(200400004004210,200004000009240): Prob: 27
(0,40000000000000)=([],[54,]): ->([59,],[51,])->([56,3,0,],[56,48,])->([53,11,5,0,],[61,45,0,])->([61,58,50,19,16,13,10,8,2,],[58,50,42,8,2,])->:([58,47,27,15,10,5,],[58,39,16,13,10,7,])=(400800008008420,400008000012480): Prob: 29
(0,80000000000000)=([],[55,]): ->([60,],[52,])->([57,4,1,],[57,49,])->([54,12,6,1,],[62,46,1,])->([62,59,51,20,17,14,11,9,3,],[59,51,43,9,3,])->:([59,48,28,16,11,6,],[59,40,17,14,11,8,])=(801000010010840,800010000024900): Prob: 29
(0,100000000000000)=([],[56,]): ->([61,],[53,])->([58,5,2,],[58,50,])->([55,13,7,2,],[63,47,2,])->([63,60,52,21,18,15,12,10,4,],[60,52,44,10,4,])->:([60,49,29,17,12,7,],[60,41,18,15,12,9,])=(1002000020021080,1000020000049200): Prob: 27
(0,200000000000000)=([],[57,]): ->([62,],[54,])->([59,6,3,],[59,51,])->([56,14,8,3,],[48,3,0,])->([61,53,22,19,16,13,11,5,0,],[61,53,45,11,5,])->:([61,50,30,19,18,13,8,],[61,42,19,16,13,10,])=(20040000400c2100,2000040000092400): Prob: 29
(0,400000000000000)=([],[58,]): ->([63,],[55,])->([60,7,4,],[60,52,])->([57,15,9,4,],[49,4,1,])->([62,54,23,20,17,14,12,6,1,],[62,54,46,12,6,])->:([62,51,31,20,19,14,9,],[62,43,20,17,14,11,])=(4008000080184200,4000080000124800): Prob: 28
(0,800000000000000)=([],[59,]): ->([0,],[56,])->([61,8,5,],[61,53,])->([58,16,10,5,],[50,5,2,])->([63,55,24,21,18,15,13,7,2,],[63,55,47,13,7,])->:([63,52,32,21,20,15,10,],[63,44,21,18,15,12,])=(8010000100308400,8000100000249000): Prob: 27
(0,1000000000000000)=([],[60,]): ->([1,],[57,])->([62,9,6,],[62,54,])->([59,17,11,6,],[51,6,3,])->([56,25,22,19,16,14,8,3,0,],[56,48,14,8,0,])->:([53,33,22,21,16,11,0,],[45,22,19,16,13,0,])=(20000200610801,200000492001): Prob: 29
(0,2000000000000000)=([],[61,]): ->([2,],[58,])->([63,10,7,],[63,55,])->([60,18,12,7,],[52,7,4,])->([57,26,23,20,17,15,9,4,1,],[57,49,15,9,1,])->:([54,34,22,17,12,1,],[46,23,20,17,14,1,])=(40000400421002,400000924002): Prob: 27
(0,4000000000000000)=([],[62,]): ->([3,],[59,])->([11,8,0,],[56,0,])->([61,19,13,8,],[53,8,5,])->([58,27,24,21,18,16,10,5,2,],[58,50,16,10,2,])->:([55,35,24,23,18,13,2,],[47,24,21,18,15,2,])=(80000801842004,800001248004): Prob: 29
(0,8000000000000000)=([],[63,]): ->([4,],[60,])->([12,9,1,],[57,1,])->([62,20,14,9,],[54,9,6,])->([59,28,25,22,19,17,11,6,3,],[59,51,17,11,3,])->:([56,36,25,24,19,14,3,],[48,25,22,19,16,3,])=(100001003084008,1000002490008): Prob: 29
