([0,],[]): ->([59,58,56,],[59,58,])->([62,61,54,],[62,61,54,51,48,])->([51,49,48,46,1,0,],[54,51,49,48,1,0,])->: ([60,54,52,51,46,44,43,42,40,38,4,3,],[60,57,54,52,51,46,44,41,40,4,3,]): Prob: 11
([1,],[]): ->([60,57,56,],[60,])->([63,55,54,49,],[63,55,54,52,])->([50,49,47,46,44,43,41,2,],[55,50,49,44,43,2,])->: ([61,57,53,52,47,46,45,33,32,5,],[61,58,53,52,47,46,45,42,39,36,5,]): Prob: 11
([2,],[]): ->([61,60,58,],[61,60,])->([63,56,0,],[63,56,53,50,0,])->([53,51,50,48,3,2,],[56,53,51,50,3,2,])->: ([62,56,54,53,48,47,46,45,40,39,6,5,],[62,59,56,54,53,48,47,46,43,6,5,]): Prob: 11
([3,],[]): ->([62,61,59,],[62,61,])->([57,1,0,],[57,54,53,1,0,])->([59,52,49,48,4,3,],[59,57,56,52,4,3,])->: ([63,55,54,51,50,47,46,41,7,6,],[63,60,59,55,54,47,46,44,7,6,]): Prob: 11
([4,],[]): ->([63,62,60,],[63,62,])->([58,52,51,2,1,],[58,55,2,1,])->([53,50,49,47,44,5,4,],[58,53,47,5,4,])->: ([56,50,48,47,38,36,35,8,7,0,],[61,56,50,48,47,45,42,39,8,7,0,]): Prob: 11
([5,],[]): ->([63,61,0,],[63,0,])->([59,3,2,],[59,56,55,3,2,])->([61,54,51,50,6,5,],[61,59,58,54,6,5,])->: ([61,57,56,53,52,49,45,43,9,8,1,0,],[62,61,57,56,49,46,9,8,1,0,]): Prob: 11
([6,],[]): ->([62,61,1,],[1,])->([60,4,],[60,57,4,])->([62,55,52,51,7,],[62,60,55,7,])->: ([62,58,57,54,53,50,46,44,10,2,1,],[63,58,57,50,47,10,2,1,]): Prob: 11
([7,],[]): ->([63,62,2,],[2,])->([61,55,54,5,],[61,58,57,5,])->([56,55,53,50,47,8,],[61,60,56,55,50,8,])->: ([63,59,58,53,51,44,41,39,38,11,3,],[63,59,58,53,51,48,45,42,11,3,0,]): Prob: 10
([8,],[]): ->([3,0,],[3,])->([62,61,6,],[62,61,59,58,6,])->([57,54,9,0,],[62,61,57,9,0,])->: ([60,59,56,55,52,48,46,45,12,4,],[60,59,52,49,12,4,1,0,]): Prob: 10
([9,],[]): ->([4,3,1,],[4,3,])->([63,62,57,7,6,],[63,62,60,59,7,6,])->([58,55,52,49,48,10,9,],[63,62,58,52,10,9,])->: ([61,55,53,46,41,13,12,5,4,],[61,55,53,50,49,47,46,44,13,12,5,4,2,1,]): Prob: 11
([10,],[]): ->([5,2,1,],[5,])->([8,0,],[61,8,0,])->([59,58,56,11,],[59,58,11,0,])->: ([62,61,54,48,47,14,6,2,],[62,61,54,51,14,6,3,]): Prob: 9
([11,],[]): ->([6,5,3,],[6,5,])->([9,8,1,],[62,61,9,8,1,])->([60,57,56,12,11,],[60,12,11,1,0,])->: ([63,55,51,49,15,14,7,3,],[63,55,52,15,14,7,4,3,]): Prob: 10
([12,],[]): ->([7,6,4,],[7,6,])->([10,9,2,],[63,62,10,9,2,])->([61,58,57,13,12,],[61,13,12,2,1,])->: ([56,50,49,16,15,8,4,0,],[56,53,52,16,15,8,5,4,0,]): Prob: 11
([13,],[]): ->([8,7,5,],[8,7,])->([11,10,3,2,],[63,11,10,3,2,0,])->([62,61,59,58,14,13,],[62,61,14,13,3,2,])->: ([57,51,17,16,9,5,1,0,],[57,54,17,16,9,6,5,1,0,]): Prob: 9
([14,],[]): ->([9,8,6,],[9,8,])->([62,12,11,4,3,0,],[12,11,4,3,1,0,])->([63,60,59,56,15,14,],[63,59,15,14,4,3,])->: ([62,58,54,52,51,48,47,18,17,10,6,2,],[62,58,55,51,18,17,10,7,6,2,]): Prob: 11
([15,],[]): ->([10,7,6,],[10,])->([63,13,5,4,],[13,5,4,2,])->([61,58,55,54,16,0,],[58,16,5,0,])->: ([61,59,58,52,47,46,19,11,7,3,],[61,59,58,56,53,50,49,19,11,8,3,]): Prob: 11
([16,],[]): ->([11,10,8,],[11,10,])->([14,13,6,5,],[14,13,6,5,3,])->([62,61,17,16,8,1,0,],[17,16,8,6,1,0,])->: ([60,54,20,19,12,11,4,0,],[60,57,20,19,12,11,9,4,]): Prob: 9
([17,],[]): ->([12,9,8,],[12,])->([15,7,],[15,7,4,])->([63,18,6,2,1,],[18,7,2,1,])->: ([62,55,54,21,13,9,5,4,1,],[61,58,21,13,10,5,4,1,]): Prob: 11
([18,],[]): ->([13,12,10,],[13,12,])->([16,15,8,5,4,],[16,15,8,])->([61,19,18,8,3,],[19,18,3,0,])->: ([62,59,58,56,53,52,22,21,14,11,6,0,],[62,56,22,21,14,6,]): Prob: 9
([19,],[]): ->([14,13,11,],[14,13,])->([17,16,9,],[17,16,9,6,5,])->([20,19,8,4,3,1,0,],[20,19,9,8,4,3,])->: ([63,57,23,22,15,11,7,6,3,0,],[63,60,23,22,15,12,11,7,6,3,]): Prob: 10
([20,],[]): ->([15,12,11,],[15,])->([18,10,],[18,10,7,])->([21,8,5,2,1,],[21,10,5,])->: ([60,58,24,16,15,8,3,],[61,24,16,15,13,8,3,0,]): Prob: 11
([21,],[]): ->([16,15,13,],[16,15,])->([19,18,11,],[19,18,11,8,5,])->([22,21,8,6,5,3,],[22,21,11,8,6,5,])->: ([61,59,25,24,17,11,9,8,3,1,0,],[62,61,25,24,17,14,11,9,8,3,1,]): Prob: 10
([22,],[]): ->([17,14,13,],[17,])->([20,12,],[20,12,9,])->([23,11,7,4,3,],[23,12,7,])->: ([62,60,26,18,14,10,6,3,],[63,26,18,15,10,6,2,]): Prob: 11
([23,],[]): ->([18,17,15,],[18,17,])->([21,20,13,12,7,],[21,20,13,12,10,9,])->([63,62,24,23,8,5,2,],[24,23,13,12,8,2,])->: ([60,57,55,27,26,19,15,11,5,3,],[61,58,27,26,19,16,15,11,5,3,0,]): Prob: 10
([24,],[]): ->([19,18,16,],[19,18,])->([22,21,14,13,8,],[22,21,14,13,11,10,])->([25,24,9,6,3,0,],[25,24,14,13,9,3,])->: ([61,58,56,55,28,27,20,19,12,6,4,0,],[62,59,28,27,20,19,17,16,12,6,4,1,]): Prob: 10
([25,],[]): ->([20,19,17,],[20,19,])->([23,22,15,],[23,22,15,12,11,])->([26,25,14,10,7,6,],[26,25,15,14,10,])->: ([63,29,28,21,17,13,9,6,4,],[29,28,21,18,17,13,9,5,4,2,]): Prob: 11
([26,],[]): ->([21,20,18,],[21,20,])->([24,23,16,],[24,23,16,13,12,])->([27,26,15,11,10,8,],[27,26,16,15,11,10,])->: ([30,29,22,18,14,13,10,9,7,6,0,],[30,29,22,19,18,14,13,10,9,6,3,]): Prob: 10
([27,],[]): ->([22,21,19,],[22,21,])->([25,24,17,],[25,24,17,14,13,])->([28,27,19,12,11,9,],[28,27,19,17,16,12,11,])->: ([31,30,23,22,19,15,11,10,7,1,],[31,30,23,22,20,19,15,7,4,]): Prob: 11
([28,],[]): ->([23,22,20,],[23,22,])->([26,25,18,17,15,],[26,25,18,17,])->([29,28,18,17,13,7,6,],[29,28,13,10,])->: ([63,32,31,24,21,16,10,8,5,4,2,],[32,31,24,16,8,2,]): Prob: 11
([29,],[]): ->([24,21,20,],[24,])->([27,19,18,13,],[27,19,18,16,])->([30,14,13,11,10,8,5,4,],[30,19,14,13,8,])->: ([61,33,25,21,17,16,11,9,],[33,25,22,17,16,11,9,6,3,0,]): Prob: 10
([30,],[]): ->([25,22,21,],[25,])->([28,20,],[28,20,17,])->([31,19,15,14,12,],[31,20,15,14,])->: ([34,26,22,18,17,14,11,4,3,],[34,26,23,18,17,14,10,7,]): Prob: 11
([31,],[]): ->([26,25,23,],[26,25,])->([29,28,21,],[29,28,21,18,17,])->([32,31,20,16,13,12,],[32,31,21,20,16,])->: ([35,34,27,23,19,15,12,7,5,],[35,34,27,24,23,19,15,11,8,]): Prob: 11
([32,],[]): ->([27,26,24,],[27,26,])->([30,29,22,21,16,],[30,29,22,21,19,18,])->([33,32,17,14,11,10,8,],[33,32,22,21,17,11,10,])->: ([36,35,28,27,20,14,13,12,0,],[36,35,28,27,25,24,20,14,13,12,9,8,6,3,]): Prob: 10
([33,],[]): ->([28,27,25,],[28,27,])->([31,30,23,22,17,],[31,30,23,22,20,19,])->([34,33,18,15,12,11,9,],[34,33,23,22,18,12,11,])->: ([37,36,29,25,21,15,14,13,12,9,1,],[37,36,29,26,25,21,15,14,13,12,10,9,7,4,]): Prob: 11
([34,],[]): ->([29,28,26,],[29,28,])->([32,31,24,23,21,],[32,31,24,23,])->([35,34,24,23,19,13,12,],[35,34,19,16,])->: ([38,37,30,29,27,26,22,16,14,13,11,8,5,],[38,37,30,29,22,14,13,8,]): Prob: 11
([35,],[]): ->([30,29,27,],[30,29,])->([33,32,25,],[33,32,25,22,21,])->([36,35,27,20,17,16,],[36,35,27,25,24,20,])->: ([39,38,31,23,22,21,19,15,11,9,],[39,38,31,28,27,23,22,21,15,12,]): Prob: 11
([36,],[]): ->([31,30,28,],[31,30,])->([34,33,26,20,19,],[34,33,26,23,])->([37,36,21,18,17,15,12,],[37,36,26,21,15,])->: ([40,39,32,24,18,16,12,4,],[40,39,32,29,24,18,16,13,10,7,6,]): Prob: 11
([37,],[]): ->([32,29,28,],[32,])->([35,27,],[35,27,24,])->([38,26,22,19,18,],[38,27,22,])->: ([41,33,32,25,21,20,18,17,16,13,11,10,],[41,33,32,30,25,21,20,17,16,14,13,]): Prob: 11
([38,],[]): ->([33,32,30,],[33,32,])->([36,35,28,],[36,35,28,25,24,])->([39,38,27,23,22,20,],[39,38,28,27,23,22,])->: ([42,41,34,30,26,25,22,21,19,18,17,14,12,11,],[42,41,34,31,30,26,25,22,21,18,17,15,]): Prob: 11
([39,],[]): ->([34,33,31,],[34,33,])->([37,36,29,],[37,36,29,26,25,])->([40,39,31,24,21,20,],[40,39,31,29,28,24,])->: ([43,42,35,27,26,23,22,19,18,13,],[43,42,35,32,31,27,26,19,18,16,]): Prob: 11
([40,],[]): ->([35,34,32,],[35,34,])->([38,37,30,24,23,],[38,37,30,27,])->([41,40,25,22,21,19,16,],[41,40,30,25,19,])->: ([44,43,36,28,22,20,19,10,8,7,],[44,43,36,33,28,22,20,19,17,14,11,]): Prob: 11
([41,],[]): ->([36,35,33,],[36,35,])->([39,38,31,25,24,],[39,38,31,28,])->([42,41,26,25,23,20,17,],[42,41,31,26,25,20,])->: ([45,44,37,36,33,29,28,23,21,11,9,],[45,44,37,36,34,29,28,23,21,18,15,14,12,11,]): Prob: 11
([42,],[]): ->([37,34,33,],[37,])->([40,32,],[40,32,29,])->([43,34,27,26,24,],[43,34,32,27,26,])->: ([46,38,37,34,30,26,25,22,16,15,],[46,38,37,35,30,22,19,]): Prob: 11
([43,],[]): ->([38,35,34,],[38,])->([41,33,],[41,33,30,])->([44,32,28,25,24,],[44,33,28,])->: ([47,39,35,31,27,26,24,23,22,17,],[47,39,36,31,27,26,23,22,20,]): Prob: 11
([44,],[]): ->([39,36,35,],[39,])->([42,34,],[42,34,31,])->([45,33,29,28,26,],[45,34,29,28,])->: ([48,40,39,32,31,28,25,18,17,],[48,40,39,37,32,31,28,24,21,]): Prob: 11
([45,],[]): ->([40,39,37,],[40,39,])->([43,42,35,32,31,],[43,42,35,])->([46,45,35,30,29,24,],[46,45,30,29,27,])->: ([49,48,41,38,33,32,27,26,25,22,19,16,15,],[49,48,41,33,32,25,19,]): Prob: 11
([46,],[]): ->([41,40,38,],[41,40,])->([44,43,36,30,29,],[44,43,36,33,])->([47,46,31,28,27,25,24,22,21,],[47,46,36,31,25,24,])->: ([50,49,42,34,28,27,26,22,14,],[50,49,42,39,34,28,27,26,23,20,17,]): Prob: 11
([47,],[]): ->([42,41,39,],[42,41,])->([45,44,37,36,31,],[45,44,37,36,34,33,])->([48,47,32,29,26,25,23,],[48,47,37,36,32,26,25,])->: ([51,50,43,39,35,29,28,27,26,20,15,14,],[51,50,43,40,39,35,29,28,27,26,24,21,18,]): Prob: 11
([48,],[]): ->([43,40,39,],[43,])->([46,38,],[46,38,35,])->([49,37,33,30,29,],[49,38,33,])->: ([52,44,40,36,32,29,24,22,],[52,44,41,36,32,28,25,]): Prob: 11
([49,],[]): ->([44,43,41,],[44,43,])->([47,46,39,38,33,],[47,46,39,38,36,35,])->([50,49,34,31,28,25,24,],[50,49,39,38,34,28,])->: ([53,52,45,41,37,31,29,25,22,19,17,],[53,52,45,42,41,37,31,29,26,23,20,]): Prob: 11
([50,],[]): ->([45,42,41,],[45,])->([48,40,34,33,],[48,40,37,36,])->([51,35,32,31,29,26,],[51,40,39,35,29,])->: ([54,46,38,32,30,29,20,18,17,],[54,46,43,42,38,32,30,29,27,24,21,]): Prob: 11
([51,],[]): ->([46,43,42,],[46,])->([49,41,],[49,41,38,])->([52,43,36,33,32,],[52,43,41,36,])->: ([55,47,46,43,39,38,37,35,31,30,25,],[55,47,46,44,39,38,37,31,30,28,]): Prob: 11
([52,],[]): ->([47,46,44,],[47,46,])->([50,49,42,36,35,],[50,49,42,39,])->([53,52,37,34,33,31,30,28,27,],[53,52,42,37,31,30,])->: ([56,55,48,47,44,40,34,33,32,28,20,],[56,55,48,47,45,40,34,33,32,29,26,23,]): Prob: 11
([53,],[]): ->([48,45,44,],[48,])->([51,43,],[51,43,40,])->([54,45,38,35,34,],[54,45,43,38,])->: ([57,49,41,40,37,36,33,29,27,],[57,49,46,41,40,33,30,]): Prob: 11
([54,],[]): ->([49,46,45,],[49,])->([52,44,],[52,44,41,])->([55,43,39,36,35,],[55,44,39,])->: ([58,50,46,42,38,37,35,34,30,28,],[58,50,47,42,38,37,34,31,]): Prob: 11
([55,],[]): ->([50,47,46,],[50,])->([53,45,],[53,45,42,])->([56,44,40,37,36,],[56,45,40,])->: ([59,51,47,43,39,36,31,29,],[59,51,48,43,39,35,32,]): Prob: 11
([56,],[]): ->([51,50,48,],[51,50,])->([54,53,46,],[54,53,46,43,42,])->([57,56,48,41,40,38,],[57,56,48,46,45,41,40,])->: ([60,59,52,51,48,44,40,39,36,30,29,],[60,59,52,51,49,48,44,36,33,]): Prob: 11
([57,],[]): ->([52,49,48,],[52,])->([55,47,],[55,47,44,43,41,])->([58,44,42,39,38,],[58,47,46,44,42,])->: ([61,53,47,45,39,37,36,33,31,30,],[61,53,50,49,47,45,39,37,34,33,]): Prob: 11
([58,],[]): ->([53,50,49,],[53,])->([56,48,],[56,48,45,44,42,])->([59,45,43,40,39,],[59,48,47,45,43,])->: ([62,54,48,46,40,38,36,32,],[62,54,51,50,48,46,40,38,37,35,]): Prob: 11
([59,],[]): ->([54,53,51,],[54,53,])->([57,56,49,],[57,56,49,46,45,])->([60,59,51,44,43,41,],[60,59,51,49,48,44,43,])->: ([63,62,55,47,43,42,39,33,32,],[63,62,55,52,51,47,39,36,]): Prob: 11
([60,],[]): ->([55,54,52,],[55,54,])->([58,57,50,],[58,57,50,47,44,])->([61,60,47,45,42,41,],[61,60,50,47,45,])->: ([63,56,50,48,42,41,40,34,0,],[63,56,53,50,48,42,41,40,39,37,0,]): Prob: 11
([61,],[]): ->([56,55,53,],[56,55,])->([59,58,51,50,45,],[59,58,51,50,48,47,])->([62,61,46,45,43,42,40,39,37,],[62,61,51,50,46,45,40,39,])->: ([57,53,49,48,43,42,41,31,29,1,0,],[57,54,53,49,48,43,42,41,38,35,32,31,1,0,]): Prob: 11
([62,],[]): ->([57,56,54,],[57,56,])->([60,59,52,],[60,59,52,49,46,])->([63,62,49,47,44,43,],[63,62,52,49,47,])->: ([58,52,50,44,41,39,36,2,1,],[58,55,52,50,44,39,2,1,]): Prob: 11
([63,],[]): ->([58,55,54,],[58,])->([61,53,52,47,],[61,53,52,50,])->([48,47,45,44,42,41,39,0,],[53,48,47,42,41,0,])->: ([59,55,51,50,45,44,43,33,31,3,],[59,56,51,50,45,44,43,40,37,34,33,3,]): Prob: 11
([1,0,],[]): ->([60,57,],[60,])->([63,55,49,],[63,55,52,51,])->([50,49,47,44,43,41,2,],[55,54,50,49,44,43,2,])->: ([61,60,57,53,52,47,46,45,38,33,32,5,],[61,60,58,57,53,52,47,46,45,42,39,36,5,]): Prob: 11
([2,1,],[]): ->([61,58,],[61,])->([56,55,0,],[56,55,53,50,0,])->([53,51,48,3,],[56,53,51,3,])->: ([62,58,56,54,48,46,44,40,39,6,],[62,59,56,54,48,46,45,43,6,]): Prob: 11
([3,2,],[]): ->([62,61,59,58,],[62,61,])->([57,56,1,0,],[57,56,54,53,51,1,0,])->([54,52,49,4,3,],[57,56,54,52,4,3,])->: ([63,59,57,55,49,48,47,43,41,7,6,],[63,60,59,57,55,49,48,47,46,44,43,7,6,]): Prob: 11
([4,3,],[]): ->([63,60,],[63,])->([58,57,2,],[58,57,55,52,2,])->([55,53,52,50,49,5,],[58,55,53,52,5,])->: ([60,58,56,55,50,48,47,46,42,8,0,],[61,58,56,55,50,48,45,8,0,]): Prob: 11
([5,4,],[]): ->([61,0,],[0,])->([59,56,3,],[59,3,])->([59,58,54,53,48,47,6,],[54,53,51,6,])->: ([62,61,57,56,51,49,46,43,40,9,1,],[57,56,49,43,9,1,]): Prob: 11
([6,5,],[]): ->([62,61,1,0,],[1,0,])->([60,59,54,53,4,3,],[60,59,57,56,4,3,])->([55,52,49,48,46,45,7,6,],[60,59,55,49,48,7,6,])->: ([62,58,52,51,50,38,10,9,2,],[63,62,58,52,51,50,47,46,44,41,10,9,2,]): Prob: 11
([7,6,],[]): ->([63,2,],[2,])->([61,55,5,],[61,58,57,5,])->([56,55,53,50,49,47,8,],[61,60,56,55,50,49,8,])->: ([63,59,58,53,52,51,39,11,3,],[63,59,58,53,52,51,48,45,44,42,41,11,3,0,]): Prob: 10
([8,7,],[]): ->([63,62,3,2,0,],[3,2,])->([62,61,56,6,5,],[62,61,59,58,6,5,])->([57,56,54,53,51,50,48,9,8,],[62,61,57,56,51,50,9,8,])->: ([60,59,54,53,52,42,40,12,11,4,0,],[60,59,54,53,52,49,46,43,42,12,11,4,1,0,]): Prob: 12
([9,8,],[]): ->([4,3,1,0,],[4,3,])->([63,62,7,6,],[63,62,60,7,6,])->([58,57,55,54,10,9,1,],[63,58,57,10,9,1,])->: ([61,59,57,53,52,49,47,13,12,5,1,],[61,59,53,52,50,13,12,5,2,]): Prob: 11
([10,9,],[]): ->([5,2,1,],[5,])->([8,0,],[61,8,0,])->([59,58,56,11,],[59,58,11,0,])->: ([62,61,54,48,47,14,6,2,],[62,61,54,51,14,6,3,]): Prob: 10
([11,10,],[]): ->([6,5,3,2,],[6,5,])->([9,8,1,0,],[62,9,8,1,0,])->([60,57,12,11,],[60,12,11,1,])->: ([63,55,51,49,48,15,14,7,],[63,55,52,15,14,7,4,]): Prob: 10
([12,11,],[]): ->([7,6,4,3,],[7,6,])->([10,9,2,1,],[63,10,9,2,1,])->([61,58,13,12,],[61,13,12,2,])->: ([56,52,50,49,16,15,8,0,],[56,53,16,15,8,5,0,]): Prob: 11
([13,12,],[]): ->([8,5,],[8,])->([63,61,11,3,],[63,11,3,0,])->([62,61,59,58,55,14,],[62,61,58,14,3,2,])->: ([61,57,51,50,47,46,17,9,8,5,1,0,],[61,57,54,50,17,9,8,6,5,1,0,]): Prob: 10
([14,13,],[]): ->([9,6,],[9,])->([12,4,3,],[62,12,4,3,1,])->([63,60,15,1,],[63,15,4,1,])->: ([60,58,56,54,52,18,10,6,4,2,],[60,58,57,55,54,18,10,7,4,2,]): Prob: 11
([15,14,],[]): ->([10,7,],[10,])->([63,13,5,],[13,5,2,1,])->([61,60,58,55,54,16,0,],[58,16,5,4,0,])->: ([61,59,55,49,47,19,11,3,],[61,59,56,53,50,19,11,8,7,3,]): Prob: 11
([16,15,],[]): ->([11,8,],[11,])->([14,6,],[14,6,3,])->([62,17,8,1,0,],[17,8,6,1,0,])->: ([60,59,54,20,12,4,0,],[60,59,57,56,20,12,9,4,]): Prob: 9
([17,16,],[]): ->([12,11,9,8,],[12,11,])->([15,14,7,],[15,14,7,4,3,])->([63,18,17,6,2,1,],[18,17,7,6,2,1,])->: ([62,57,55,21,20,13,9,5,4,1,],[61,58,57,21,20,13,10,9,5,4,1,]): Prob: 11
([18,17,],[]): ->([13,12,10,9,],[13,12,])->([16,15,8,2,],[16,15,8,5,])->([61,60,58,19,18,3,0,],[61,60,19,18,8,3,])->: ([63,62,61,55,50,49,22,21,14,6,0,],[63,62,61,59,56,53,22,21,14,11,6,0,]): Prob: 10
([19,18,],[]): ->([14,11,],[14,])->([17,9,8,],[17,9,8,6,5,])->([20,8,4,1,],[20,9,8,4,])->: ([63,62,57,56,23,15,14,11,7,3,0,],[63,62,60,23,15,14,12,11,7,3,]): Prob: 10
([20,19,],[]): ->([15,14,12,11,],[15,14,])->([18,17,10,9,],[18,17,10,9,7,])->([21,20,12,5,4,2,1,],[21,20,12,10,5,4,])->: ([58,24,23,16,15,8,6,4,0,],[61,24,23,16,15,13,8,6,0,]): Prob: 11
([21,20,],[]): ->([16,13,],[16,])->([19,11,10,],[19,11,10,8,5,])->([22,8,6,3,],[22,11,8,6,])->: ([61,59,25,17,13,11,9,3,1,],[62,61,25,17,14,11,9,3,1,0,]): Prob: 10
([22,21,],[]): ->([17,16,14,13,],[17,16,])->([20,19,12,11,],[20,19,12,11,9,])->([23,22,14,7,4,],[23,22,14,12,7,])->: ([62,60,26,25,18,17,10,9,8,6,2,1,],[63,62,26,25,18,17,15,10,9,8,2,1,]): Prob: 11
([23,22,],[]): ->([18,17,15,14,],[18,17,])->([21,20,13,7,],[21,20,13,10,])->([63,62,24,23,8,5,4,2,],[24,23,13,8,2,])->: ([63,60,57,55,27,26,19,18,15,11,5,3,],[63,61,58,27,26,19,18,16,11,5,3,0,]): Prob: 10
([24,23,],[]): ->([19,18,16,15,],[19,18,])->([22,21,14,8,],[22,21,14,11,])->([25,24,9,6,5,3,0,],[25,24,14,9,3,])->: ([61,56,55,28,27,20,12,6,4,],[62,61,59,28,27,20,17,12,6,4,1,]): Prob: 10
([25,24,],[]): ->([20,17,],[20,])->([23,15,9,],[23,15,12,11,])->([26,10,7,6,4,1,],[26,15,14,10,4,])->: ([59,57,56,29,21,13,7,5,4,],[63,60,29,21,18,17,13,7,5,4,2,]): Prob: 11
([26,25,],[]): ->([21,20,18,17,],[21,20,])->([24,23,16,15,],[24,23,16,15,13,])->([27,26,18,11,8,],[27,26,18,16,11,])->: ([30,29,22,21,14,13,10,9,6,2,0,],[30,29,22,21,19,14,13,6,3,]): Prob: 10
([27,26,],[]): ->([22,19,],[22,])->([25,17,16,],[25,17,16,14,13,])->([28,16,12,9,],[28,17,16,12,])->: ([31,23,22,19,15,11,10,8,7,1,],[31,23,22,20,19,15,11,10,7,4,3,]): Prob: 11
([28,27,],[]): ->([23,20,],[23,])->([26,18,17,],[26,18,17,15,14,])->([29,20,13,12,10,9,],[29,20,18,17,13,12,])->: ([32,24,23,16,12,11,8,2,],[32,24,23,21,20,16,8,5,]): Prob: 11
([29,28,],[]): ->([24,21,],[24,])->([27,19,13,],[27,19,16,15,])->([30,14,11,10,8,5,4,],[30,19,18,14,8,])->: ([61,33,25,17,11,9,5,],[33,25,22,21,17,11,9,6,3,0,]): Prob: 10
([30,29,],[]): ->([25,24,22,21,],[25,24,])->([28,27,20,14,],[28,27,20,17,])->([31,30,15,14,12,9,6,5,],[31,30,20,15,14,9,])->: ([62,34,33,26,18,17,12,10,0,],[34,33,26,23,18,17,12,10,7,4,3,1,]): Prob: 11
([31,30,],[]): ->([26,25,23,22,],[26,25,])->([29,28,21,20,],[29,28,21,20,18,])->([32,31,20,16,15,13,12,],[32,31,21,16,15,])->: ([35,34,27,19,18,15,14,12,11,7,5,4,],[35,34,27,24,19,18,15,14,11,8,7,]): Prob: 11
([32,31,],[]): ->([27,24,],[27,])->([30,22,21,16,15,],[30,22,21,19,])->([33,17,16,14,13,11,8,],[33,22,17,16,11,])->: ([36,28,24,20,19,14,12,11,8,2,0,],[36,28,25,20,19,14,12,11,9,6,3,]): Prob: 10
([33,32,],[]): ->([28,25,],[28,])->([31,23,17,],[31,23,20,19,])->([34,18,17,15,12,11,9,],[34,23,22,18,17,12,11,])->: ([37,29,21,20,15,14,13,9,1,],[37,29,26,25,21,20,15,14,13,10,9,7,4,]): Prob: 11
([34,33,],[]): ->([29,28,26,25,],[29,28,])->([32,31,24,23,],[32,31,24,23,21,])->([35,34,23,19,16,],[35,34,24,19,])->: ([38,37,30,22,18,15,8,],[38,37,30,27,22,18,14,11,10,]): Prob: 11
([35,34,],[]): ->([30,27,],[30,])->([33,25,24,22,21,],[33,25,24,])->([36,25,20,19,14,13,],[36,20,19,17,16,])->: ([39,31,30,28,23,22,19,17,16,15,12,9,8,6,5,],[39,31,30,23,22,19,15,9,8,]): Prob: 11
([36,35,],[]): ->([31,30,28,27,],[31,30,])->([34,33,26,20,],[34,33,26,23,])->([37,36,21,20,18,15,14,12,],[37,36,26,21,20,15,14,])->: ([40,39,32,24,23,18,17,16,6,4,3,],[40,39,32,29,24,23,18,17,16,13,10,9,7,]): Prob: 11
([37,36,],[]): ->([32,31,29,28,],[32,31,])->([35,34,27,26,],[35,34,27,26,24,])->([38,37,26,22,21,19,18,],[38,37,27,22,21,])->: ([41,40,33,25,24,21,18,11,],[41,40,33,30,25,24,21,17,14,]): Prob: 11
([38,37,],[]): ->([33,30,],[33,])->([36,28,27,],[36,28,27,25,24,])->([39,27,23,20,],[39,28,27,23,])->: ([42,34,26,22,19,12,],[42,34,31,30,26,22,18,15,14,]): Prob: 11
([39,38,],[]): ->([34,31,],[34,])->([37,29,23,],[37,29,26,25,])->([40,24,21,20,18,15,14,],[40,29,28,24,18,])->: ([43,35,27,21,19,15,12,7,],[43,35,32,31,27,21,19,16,13,12,10,]): Prob: 11
([40,39,],[]): ->([35,34,32,31,],[35,34,])->([38,37,30,29,],[38,37,30,29,27,])->([41,40,29,25,24,22,21,],[41,40,30,25,24,])->: ([44,43,36,28,27,24,21,14,],[44,43,36,33,28,27,24,20,17,]): Prob: 11
([41,40,],[]): ->([36,33,],[36,])->([39,31,28,],[39,31,])->([42,31,30,26,25,20,19,],[42,26,25,23,])->: ([45,37,36,34,29,28,23,21,18,15,12,],[45,37,36,29,28,21,15,]): Prob: 11
([42,41,],[]): ->([37,34,],[37,])->([40,32,31,26,25,],[40,32,31,29,])->([43,27,26,24,23,21,18,],[43,32,27,26,21,])->: ([46,38,34,30,29,24,22,18,15,12,10,9,],[46,38,35,30,29,24,22,19,18,16,13,]): Prob: 11
([43,42,],[]): ->([38,35,],[38,])->([41,33,32,],[41,33,32,30,29,])->([44,32,28,27,25,24,],[44,33,32,28,27,])->: ([47,39,31,30,27,24,17,],[47,39,36,35,31,30,27,23,20,]): Prob: 11
([44,43,],[]): ->([39,38,36,35,],[39,38,])->([42,41,34,28,],[42,41,34,31,])->([45,44,29,28,26,23,22,20,],[45,44,34,29,28,23,22,])->: ([48,47,40,32,31,26,25,24,20,14,12,],[48,47,40,37,32,31,26,25,24,21,20,18,15,14,]): Prob: 11
([45,44,],[]): ->([40,37,],[40,])->([43,35,34,],[43,35,34,32,29,])->([46,32,30,29,27,26,],[46,35,32,30,29,])->: ([49,41,40,35,33,32,27,25,24,23,19,],[49,41,40,38,35,33,32,27,25,22,]): Prob: 11
([46,45,],[]): ->([41,40,38,37,],[41,40,])->([44,43,36,30,],[44,43,36,33,])->([47,46,31,28,27,25,24,22,],[47,46,36,31,25,24,])->: ([50,49,42,34,28,27,26,25,16,14,],[50,49,42,39,34,28,27,26,25,23,20,17,16,]): Prob: 11
([47,46,],[]): ->([42,39,],[42,])->([45,37,36,],[45,37,36,34,33,])->([48,36,32,29,],[48,37,36,32,])->: ([51,43,35,31,28,23,21,20,],[51,43,40,39,35,31,27,24,]): Prob: 11
([48,47,],[]): ->([43,42,40,39,],[43,42,])->([46,45,38,37,],[46,45,38,37,35,])->([49,48,37,33,32,30,29,],[49,48,38,33,32,])->: ([52,51,44,36,35,32,29,22,],[52,51,44,41,36,35,32,28,25,]): Prob: 11
([49,48,],[]): ->([44,41,],[44,])->([47,39,33,],[47,39,36,35,])->([50,34,31,30,28,25,24,],[50,39,38,34,28,])->: ([53,45,37,31,29,28,19,17,],[53,45,42,41,37,31,29,28,26,23,20,]): Prob: 11
([50,49,],[]): ->([45,42,],[45,])->([48,40,34,],[48,40,37,36,])->([51,35,32,31,29,26,25,],[51,40,39,35,29,])->: ([54,46,38,32,30,29,20,18,],[54,46,43,42,38,32,30,29,27,24,21,]): Prob: 11
([51,50,],[]): ->([46,45,43,42,],[46,45,])->([49,48,41,40,],[49,48,41,40,38,])->([52,51,40,36,33,],[52,51,41,36,])->: ([55,54,47,39,35,34,32,31,27,25,24,],[55,54,47,44,39,35,34,31,28,]): Prob: 11
([52,51,],[]): ->([47,44,],[47,])->([50,42,41,],[50,42,41,39,38,])->([53,44,37,36,34,33,],[53,44,42,41,37,36,])->: ([56,48,47,40,38,36,32,26,],[56,48,47,45,44,40,38,32,29,]): Prob: 11
([53,52,],[]): ->([48,47,45,44,],[48,47,])->([51,50,43,37,],[51,50,43,40,])->([54,53,38,37,35,32,29,28,],[54,53,43,38,37,32,])->: ([57,56,49,41,40,35,33,29,21,20,],[57,56,49,46,41,40,35,33,30,29,27,24,23,]): Prob: 11
([54,53,],[]): ->([49,46,],[49,])->([52,44,43,41,40,],[52,44,43,])->([55,44,39,38,33,32,],[55,39,38,36,35,])->: ([58,50,49,47,42,41,36,34,31,28,25,],[58,50,49,42,41,34,28,]): Prob: 11
([55,54,],[]): ->([50,47,],[50,])->([53,45,44,],[53,45,44,42,39,])->([56,42,40,37,],[56,45,42,40,])->: ([59,51,47,45,43,37,35,33,29,28,],[59,51,48,45,43,37,35,34,32,]): Prob: 11
([56,55,],[]): ->([51,48,],[51,])->([54,46,45,],[54,46,45,43,42,])->([57,45,41,40,38,37,],[57,46,45,41,40,])->: ([60,52,44,43,40,37,30,],[60,52,49,48,44,43,40,36,33,]): Prob: 11
([57,56,],[]): ->([52,49,],[52,])->([55,47,46,],[55,47,46,44,41,])->([58,44,42,39,],[58,47,44,42,])->: ([61,53,49,47,45,39,37,35,33,31,],[61,53,50,47,45,39,37,36,34,33,]): Prob: 11
([58,57,],[]): ->([53,52,50,49,],[53,52,])->([56,55,48,42,],[56,55,48,45,])->([59,58,43,42,40,37,36,34,],[59,58,48,43,42,37,36,])->: ([62,61,54,46,45,40,39,38,34,26,25,],[62,61,54,51,46,45,40,39,38,35,34,32,29,]): Prob: 11
([59,58,],[]): ->([54,53,51,50,],[54,53,])->([57,56,49,48,43,42,],[57,56,49,48,46,45,])->([60,59,44,41,38,37,35,34,],[60,59,49,48,44,38,37,])->: ([63,62,55,51,47,41,40,39,38,35,27,],[63,62,55,52,51,47,41,40,39,38,36,35,33,30,]): Prob: 11
([60,59,],[]): ->([55,54,52,51,],[55,54,])->([58,57,50,44,],[58,57,50,47,])->([61,60,45,42,41,39,38,36,],[61,60,50,45,39,38,])->: ([63,56,48,42,41,40,36,30,28,0,],[63,56,53,48,42,41,40,37,34,31,30,0,]): Prob: 11
([61,60,],[]): ->([56,53,],[56,])->([59,51,50,],[59,51,50,48,47,])->([62,50,46,45,43,42,],[62,51,50,46,45,])->: ([57,49,48,45,42,35,1,],[57,54,53,49,48,45,41,38,1,]): Prob: 11
([62,61,],[]): ->([57,56,54,53,],[57,56,])->([60,59,52,51,],[60,59,52,51,49,])->([63,62,54,47,46,44,43,],[63,62,54,52,47,46,])->: ([58,57,50,46,45,42,36,2,1,],[58,57,55,50,42,39,2,1,]): Prob: 11
([63,62,],[]): ->([58,55,],[58,])->([61,53,52,47,46,],[61,53,52,50,])->([48,47,45,44,42,39,0,],[53,48,47,42,0,])->: ([59,55,51,50,45,43,31,3,],[59,56,51,50,45,43,40,37,34,33,3,]): Prob: 11
([],[0,]): ->([3,],[3,])->([62,61,59,6,],[62,61,6,])->([62,57,51,50,9,],[57,54,9,])->: ([60,54,53,52,49,48,46,43,12,4,1,],[60,52,46,12,4,]): Prob: 8
([],[1,]): ->([4,],[4,])->([63,60,59,7,],[63,7,])->([63,62,58,57,52,10,],[58,57,55,10,])->: ([61,60,55,53,50,47,44,43,13,5,2,1,],[61,60,53,47,13,5,]): Prob: 8
([],[2,]): ->([5,],[5,])->([8,0,],[61,8,0,])->([59,58,56,11,],[59,58,11,0,])->: ([62,61,54,53,48,14,6,2,],[62,61,54,53,51,50,14,6,3,]): Prob: 7
([],[3,]): ->([6,],[6,])->([9,1,],[62,9,1,])->([60,57,56,12,],[60,12,1,])->: ([63,55,51,49,15,7,6,],[63,55,52,15,7,6,4,]): Prob: 8
([],[4,]): ->([7,],[7,])->([63,62,10,2,],[10,2,])->([61,60,55,13,2,1,],[61,60,58,13,])->: ([63,58,56,53,50,47,46,16,8,7,5,0,],[63,56,50,16,8,7,0,]): Prob: 8
([],[5,]): ->([8,],[8,])->([11,3,0,],[11,3,])->([62,61,56,55,14,3,2,],[62,61,59,14,])->: ([59,57,54,51,48,17,9,6,5,1,0,],[57,51,17,9,1,0,]): Prob: 7
([],[6,]): ->([9,],[9,])->([12,4,3,1,0,],[12,4,3,])->([63,62,57,56,15,4,],[63,62,60,59,15,])->: ([60,58,55,52,51,49,48,18,10,7,6,2,1,],[58,52,51,18,10,2,1,]): Prob: 8
([],[7,]): ->([10,],[10,])->([13,5,2,1,],[13,5,])->([63,58,16,5,4,0,],[63,61,16,0,])->: ([61,59,56,53,50,49,19,11,8,7,3,2,],[59,53,19,11,3,2,]): Prob: 8
([],[8,]): ->([11,],[11,])->([14,6,3,2,],[14,6,])->([59,58,17,6,5,1,],[62,61,17,1,])->: ([62,60,57,56,54,51,20,12,9,8,4,0,],[60,54,20,12,4,0,]): Prob: 8
([],[9,]): ->([12,],[12,])->([15,7,4,3,],[15,7,])->([60,59,18,7,6,2,],[63,62,18,2,])->: ([63,61,58,57,55,52,21,13,10,9,5,1,],[61,55,21,13,5,1,]): Prob: 8
([],[10,]): ->([13,],[13,])->([16,8,7,5,],[16,8,7,])->([19,8,3,2,],[63,19,3,2,0,])->: ([62,59,22,14,11,10,6,5,2,0,],[62,22,14,6,5,2,]): Prob: 7
([],[11,]): ->([14,],[14,])->([17,9,],[17,9,6,])->([20,8,4,1,],[20,9,4,])->: ([63,57,23,15,11,7,3,0,],[63,60,59,23,15,12,7,3,]): Prob: 8
([],[12,]): ->([15,],[15,])->([18,10,7,6,],[18,10,])->([63,62,21,10,9,5,],[21,5,2,1,])->: ([61,60,58,55,24,16,13,12,8,2,1,0,],[58,24,16,8,0,]): Prob: 8
([],[13,]): ->([16,],[16,])->([19,11,10,8,],[19,11,10,])->([22,11,6,0,],[22,6,3,])->: ([62,59,58,56,25,17,16,14,9,3,2,1,0,],[59,58,25,17,16,9,1,0,]): Prob: 7
([],[14,]): ->([17,],[17,])->([20,12,11,9,],[20,12,11,])->([23,12,7,1,],[23,7,4,])->: ([63,62,60,57,56,26,18,15,14,10,4,3,2,],[60,26,18,10,2,]): Prob: 8
([],[15,]): ->([18,],[18,])->([21,13,10,9,],[21,13,])->([24,13,12,8,2,1,],[24,8,5,4,])->: ([61,58,27,19,16,15,11,7,5,3,0,],[61,27,19,11,7,3,]): Prob: 7
([],[16,]): ->([19,],[19,])->([22,14,13,11,],[22,14,13,])->([25,14,9,8,3,],[25,9,8,6,5,])->: ([62,61,59,28,20,19,17,12,11,6,4,1,],[62,61,28,20,19,12,11,4,]): Prob: 8
([],[17,]): ->([20,],[20,])->([23,15,14,12,],[23,15,14,])->([26,15,10,4,3,],[26,10,7,])->: ([63,62,60,59,29,21,20,18,13,9,7,5,2,1,],[63,62,29,21,20,13,9,5,]): Prob: 8
([],[18,]): ->([21,],[21,])->([24,16,15,13,],[24,16,15,])->([27,16,11,10,8,],[27,11,10,])->: ([30,22,19,18,14,13,11,10,8,6,5,2,0,],[30,22,14,13,11,10,6,5,3,]): Prob: 8
([],[19,]): ->([22,],[22,])->([25,17,14,13,],[25,17,])->([28,17,16,12,11,8,6,5,],[28,12,11,9,8,])->: ([62,31,23,20,19,15,14,9,8,7,6,4,1,0,],[31,23,15,14,7,6,3,1,]): Prob: 8
([],[20,]): ->([23,],[23,])->([26,18,17,15,],[26,18,17,])->([29,18,13,7,6,],[29,13,10,])->: ([63,32,24,21,20,16,12,10,8,5,4,2,],[32,24,16,12,8,2,]): Prob: 8
([],[21,]): ->([24,],[24,])->([27,19,18,16,],[27,19,18,])->([30,19,14,13,8,],[30,14,13,11,10,])->: ([33,25,22,21,17,16,11,9,6,3,0,],[33,25,17,16,9,3,]): Prob: 7
([],[22,]): ->([25,],[25,])->([28,20,17,16,],[28,20,])->([31,20,19,15,9,8,],[31,15,12,11,])->: ([34,26,23,22,18,14,12,10,7,6,4,1,],[34,26,18,14,10,4,]): Prob: 8
([],[23,]): ->([26,],[26,])->([29,21,20,18,],[29,21,20,])->([32,21,16,10,9,],[32,16,13,])->: ([35,27,24,23,19,13,12,11,8,7,5,2,],[35,27,19,11,5,]): Prob: 8
([],[24,]): ->([27,],[27,])->([30,22,21,19,],[30,22,21,])->([33,22,17,11,10,],[33,17,14,])->: ([36,28,25,24,20,14,13,12,9,8,6,5,3,2,],[36,28,20,12,6,5,]): Prob: 8
([],[25,]): ->([28,],[28,])->([31,23,20,19,],[31,23,])->([34,23,22,18,12,11,],[34,18,15,14,])->: ([37,29,26,25,21,17,15,13,10,9,7,6,4,3,],[37,29,21,17,13,7,6,]): Prob: 8
([],[26,]): ->([29,],[29,])->([32,24,23,21,],[32,24,23,])->([35,24,19,13,12,],[35,19,16,])->: ([38,30,27,26,22,18,16,14,11,10,8,5,],[38,30,22,18,14,8,]): Prob: 8
([],[27,]): ->([30,],[30,])->([33,25,24,22,],[33,25,24,])->([36,25,20,19,14,],[36,20,19,17,16,])->: ([39,31,28,27,23,22,17,15,12,9,8,6,],[39,31,23,22,15,9,8,]): Prob: 8
([],[28,]): ->([31,],[31,])->([34,26,23,22,],[34,26,])->([37,26,25,21,20,15,],[37,21,20,18,])->: ([40,32,29,28,24,23,18,16,13,10,9,7,],[40,32,24,23,16,10,9,]): Prob: 8
([],[29,]): ->([32,],[32,])->([35,27,24,23,],[35,27,])->([38,27,26,22,16,15,],[38,22,19,18,])->: ([41,33,32,30,25,19,18,17,14,13,11,10,8,7,],[41,33,32,25,17,11,10,]): Prob: 8
([],[30,]): ->([33,],[33,])->([36,28,27,25,],[36,28,27,])->([39,28,23,17,16,],[39,23,20,])->: ([42,34,31,30,26,22,20,18,15,14,12,9,],[42,34,26,22,18,12,]): Prob: 8
([],[31,]): ->([34,],[34,])->([37,29,28,26,],[37,29,28,])->([40,29,24,18,17,],[40,24,21,])->: ([43,35,32,31,27,23,21,19,16,15,13,10,],[43,35,27,23,19,13,]): Prob: 8
([],[32,]): ->([35,],[35,])->([38,30,29,27,],[38,30,29,])->([41,30,25,24,19,],[41,25,24,22,21,])->: ([44,36,35,33,28,27,22,20,19,17,16,14,11,10,],[44,36,35,28,27,20,19,14,]): Prob: 8
([],[33,]): ->([36,],[36,])->([39,31,30,28,],[39,31,30,])->([42,31,26,20,19,],[42,26,23,])->: ([45,37,34,33,29,25,23,21,18,17,15,14,12,11,],[45,37,29,25,21,15,14,]): Prob: 8
([],[34,]): ->([37,],[37,])->([40,32,31,29,],[40,32,31,])->([43,32,27,21,20,],[43,27,24,])->: ([46,38,35,34,30,26,24,22,19,18,16,13,],[46,38,30,26,22,16,]): Prob: 8
([],[35,]): ->([38,],[38,])->([41,33,30,29,],[41,33,])->([44,33,32,28,27,22,],[44,28,27,25,])->: ([47,39,36,35,31,30,25,23,20,17,14,13,],[47,39,31,30,23,17,]): Prob: 8
([],[36,]): ->([39,],[39,])->([42,34,31,30,],[42,34,])->([45,34,33,29,28,23,],[45,29,28,26,])->: ([48,40,37,36,32,31,26,24,21,18,17,15,],[48,40,32,31,24,18,17,]): Prob: 8
([],[37,]): ->([40,],[40,])->([43,35,32,31,],[43,35,])->([46,35,34,30,24,23,],[46,30,27,26,])->: ([49,41,38,37,33,27,26,25,24,22,19,16,],[49,41,33,25,24,19,]): Prob: 8
([],[38,]): ->([41,],[41,])->([44,36,35,33,],[44,36,35,])->([47,36,31,30,25,],[47,31,30,28,27,])->: ([50,42,39,38,34,33,30,28,27,26,23,20,17,16,],[50,42,34,33,30,26,20,]): Prob: 8
([],[39,]): ->([42,],[42,])->([45,37,34,33,],[45,37,])->([48,37,36,32,31,26,],[48,32,31,29,])->: ([51,43,40,39,35,34,29,27,24,21,18,17,],[51,43,35,34,27,21,]): Prob: 8
([],[40,]): ->([43,],[43,])->([46,38,35,34,],[46,38,])->([49,38,37,33,32,27,],[49,33,32,30,])->: ([52,44,41,40,36,35,30,28,25,22,19,18,],[52,44,36,35,28,22,]): Prob: 8
([],[41,]): ->([44,],[44,])->([47,39,38,36,],[47,39,38,])->([50,39,34,28,27,],[50,34,31,])->: ([53,45,42,41,37,31,30,29,26,25,23,20,],[53,45,37,29,23,]): Prob: 8
([],[42,]): ->([45,],[45,])->([48,40,39,37,],[48,40,39,])->([51,40,35,29,28,],[51,35,32,])->: ([54,46,43,42,38,34,32,30,27,26,24,23,21,20,],[54,46,38,34,30,24,23,]): Prob: 8
([],[43,]): ->([46,],[46,])->([49,41,40,38,],[49,41,40,])->([52,41,36,30,29,],[52,36,33,])->: ([55,47,44,43,39,35,33,31,30,28,25,22,],[55,47,39,35,31,30,25,]): Prob: 8
([],[44,]): ->([47,],[47,])->([50,42,41,39,],[50,42,41,])->([53,42,37,31,30,],[53,37,34,])->: ([56,48,45,44,40,36,34,32,29,28,26,23,],[56,48,40,36,32,26,]): Prob: 8
([],[45,]): ->([48,],[48,])->([51,43,42,40,],[51,43,42,])->([54,43,38,32,31,],[54,38,35,])->: ([57,49,46,45,41,35,34,33,30,29,27,24,],[57,49,41,33,27,]): Prob: 8
([],[46,]): ->([49,],[49,])->([52,44,43,41,],[52,44,43,])->([55,44,39,33,32,],[55,39,36,])->: ([58,50,47,46,42,36,35,34,31,30,28,25,],[58,50,42,34,28,]): Prob: 8
([],[47,]): ->([50,],[50,])->([53,45,44,42,],[53,45,44,])->([56,45,40,34,33,],[56,40,37,])->: ([59,51,48,47,43,39,37,35,32,31,29,26,],[59,51,43,39,35,29,]): Prob: 8
([],[48,]): ->([51,],[51,])->([54,46,43,42,],[54,46,])->([57,46,45,41,35,34,],[57,41,38,37,])->: ([60,52,49,48,44,40,38,36,33,32,30,27,],[60,52,44,40,36,30,]): Prob: 8
([],[49,]): ->([52,],[52,])->([55,47,46,44,],[55,47,46,])->([58,47,42,36,35,],[58,42,39,])->: ([61,53,52,50,45,41,39,37,34,33,31,28,],[61,53,52,45,41,37,31,]): Prob: 8
([],[50,]): ->([53,],[53,])->([56,48,47,45,],[56,48,47,])->([59,48,43,37,36,],[59,43,40,])->: ([62,54,51,50,46,42,40,38,35,34,32,29,],[62,54,46,42,38,32,]): Prob: 8
([],[51,]): ->([54,],[54,])->([57,49,48,46,],[57,49,48,])->([60,49,44,38,37,],[60,44,41,])->: ([63,55,52,51,47,41,40,39,36,35,33,30,],[63,55,47,39,33,]): Prob: 8
([],[52,]): ->([55,],[55,])->([58,50,49,47,],[58,50,49,])->([61,50,45,39,38,],[61,45,42,])->: ([56,53,52,48,44,42,40,37,36,34,31,0,],[56,48,44,40,34,0,]): Prob: 8
([],[53,]): ->([56,],[56,])->([59,51,50,48,],[59,51,50,])->([62,51,46,40,39,],[62,46,43,])->: ([57,54,53,49,43,42,41,38,37,35,32,1,],[57,49,41,35,1,]): Prob: 8
([],[54,]): ->([57,],[57,])->([60,52,51,49,],[60,52,51,])->([63,52,47,41,40,],[63,47,44,])->: ([58,55,54,50,44,43,42,39,38,36,33,2,],[58,50,42,36,2,]): Prob: 8
([],[55,]): ->([58,],[58,])->([61,53,52,50,],[61,53,52,])->([53,48,47,42,0,],[48,47,45,44,0,])->: ([59,56,55,51,50,47,45,44,43,40,37,36,34,3,],[59,51,50,47,43,37,36,3,]): Prob: 8
([],[56,]): ->([59,],[59,])->([62,54,53,51,],[62,54,53,])->([54,49,43,42,1,],[49,46,1,])->: ([60,57,56,52,46,45,44,41,40,38,35,4,],[60,52,44,38,4,]): Prob: 8
([],[57,]): ->([60,],[60,])->([63,55,54,52,],[63,55,54,])->([55,50,44,43,2,],[50,47,2,])->: ([61,58,57,53,47,46,45,44,42,39,36,5,],[61,53,45,44,39,5,]): Prob: 8
([],[58,]): ->([61,],[61,])->([56,55,53,0,],[56,55,0,])->([56,51,50,45,3,],[51,50,48,47,3,])->: ([62,59,58,54,53,50,48,47,46,43,40,37,36,6,],[62,54,53,50,46,40,6,]): Prob: 8
([],[59,]): ->([62,],[62,])->([57,56,54,1,],[57,56,1,])->([57,52,46,45,4,],[52,49,4,])->: ([63,60,59,55,49,48,47,44,43,41,40,38,37,7,],[63,55,47,41,40,7,]): Prob: 8
([],[60,]): ->([63,],[63,])->([58,57,55,2,],[58,57,2,])->([58,53,52,47,5,],[53,52,50,49,5,])->: ([63,61,56,55,50,48,45,42,39,38,8,0,],[63,56,55,48,42,8,0,]): Prob: 8
([],[61,]): ->([0,],[0,])->([59,58,56,3,],[59,58,3,])->([59,54,48,47,6,],[54,51,6,])->: ([62,61,57,53,51,49,46,45,43,40,9,1,],[57,53,49,43,9,1,]): Prob: 8
([],[62,]): ->([1,],[1,])->([60,57,56,4,],[60,4,])->([60,59,55,49,48,7,],[55,52,51,7,])->: ([63,62,58,52,51,50,47,46,44,41,10,2,],[58,50,44,10,2,]): Prob: 8
([],[63,]): ->([2,],[2,])->([61,60,58,5,],[61,60,5,])->([61,56,50,49,8,],[56,53,8,])->: ([59,55,53,51,48,47,45,42,11,3,0,],[59,55,51,45,11,3,]): Prob: 7

([],[1,0,]): ->([4,3,],[4,3,])->([63,60,7,6,],[63,7,6,])->([63,58,52,10,9,],[58,55,54,10,9,])->: ([61,57,55,54,53,50,49,47,44,43,13,12,5,2,],[61,57,53,47,13,12,5,]): Prob: 8
([],[2,1,]): ->([5,4,],[5,4,])->([63,61,60,8,7,0,],[63,8,7,0,])->([63,59,53,11,10,],[59,56,11,10,0,])->: ([62,59,58,55,53,51,48,47,45,14,13,6,],[62,59,58,54,53,48,47,14,13,6,3,]): Prob: 9
([],[3,2,]): ->([6,5,],[6,5,])->([9,8,1,0,],[62,9,8,1,0,])->([60,57,12,11,],[60,12,11,1,])->: ([63,55,49,15,14,7,],[63,55,52,51,15,14,7,4,]): Prob: 8
([],[4,3,]): ->([7,6,],[7,6,])->([63,10,9,2,],[10,9,2,])->([61,60,55,54,13,12,2,],[61,60,58,13,12,])->: ([63,60,58,56,53,50,47,16,15,8,5,0,],[63,60,56,50,16,15,8,0,]): Prob: 8
([],[5,4,]): ->([8,7,],[8,7,])->([63,62,11,10,3,2,0,],[11,10,3,2,])->([62,61,56,14,13,3,2,],[62,61,59,58,14,13,])->: ([61,59,57,54,51,48,47,17,16,9,6,1,0,],[61,57,51,17,16,9,1,0,]): Prob: 9
([],[6,5,]): ->([9,8,],[9,8,])->([12,11,4,1,0,],[12,11,4,])->([63,57,56,15,14,4,],[63,60,59,15,14,])->: ([60,58,55,54,52,49,18,17,10,7,2,],[58,52,18,17,10,2,]): Prob: 8
([],[7,6,]): ->([10,9,],[10,9,])->([13,12,5,2,],[13,12,5,])->([58,16,15,5,0,],[61,60,16,15,0,])->: ([61,59,58,56,53,50,49,19,18,11,8,3,],[59,58,53,19,18,11,3,]): Prob: 8
([],[8,7,]): ->([11,10,],[11,10,])->([14,13,6,5,],[14,13,6,5,3,])->([62,61,17,16,8,1,0,],[17,16,8,6,1,0,])->: ([60,56,54,53,20,19,12,11,4,0,],[60,57,56,20,19,12,11,9,4,]): Prob: 8
([],[9,8,]): ->([12,11,],[12,11,])->([15,14,7,6,4,3,],[15,14,7,6,])->([60,18,17,7,6,2,],[63,18,17,2,])->: ([63,62,61,58,57,55,52,51,21,20,13,10,5,1,],[61,55,21,20,13,5,1,]): Prob: 8
([],[10,9,]): ->([13,12,],[13,12,])->([16,15,8,5,],[16,15,8,])->([61,60,19,18,8,3,],[19,18,3,0,])->: ([62,59,58,56,53,22,21,14,11,6,0,],[62,56,22,21,14,6,]): Prob: 6
([],[11,10,]): ->([14,13,],[14,13,])->([17,16,9,6,],[17,16,9,])->([62,61,20,19,9,4,],[20,19,4,1,])->: ([63,60,59,57,54,23,22,15,12,7,1,],[63,57,23,22,15,7,]): Prob: 8
([],[12,11,]): ->([15,14,],[15,14,])->([18,17,10,9,7,6,],[18,17,10,9,])->([63,21,20,10,9,5,],[21,20,5,2,])->: ([63,61,58,55,54,24,23,16,13,8,2,0,],[63,58,24,23,16,8,0,]): Prob: 8
([],[13,12,]): ->([16,15,],[16,15,])->([19,18,11,8,],[19,18,11,])->([22,21,11,6,5,0,],[22,21,6,5,3,])->: ([62,59,56,55,25,24,17,14,9,8,3,2,1,],[59,25,24,17,9,8,1,]): Prob: 7
([],[14,13,]): ->([17,16,],[17,16,])->([20,19,12,9,],[20,19,12,])->([23,22,12,7,6,1,0,],[23,22,7,6,4,])->: ([63,62,60,59,57,56,26,25,18,15,10,9,6,4,2,1,],[60,59,26,25,18,10,9,6,2,1,]): Prob: 8
([],[15,14,]): ->([18,17,],[18,17,])->([21,20,13,12,10,9,],[21,20,13,12,])->([24,23,13,12,8,2,],[24,23,8,5,])->: ([61,60,58,27,26,19,16,11,5,3,0,],[61,60,27,26,19,11,3,]): Prob: 7
([],[16,15,]): ->([19,18,],[19,18,])->([22,21,14,13,11,10,],[22,21,14,13,])->([25,24,14,13,9,3,],[25,24,9,6,])->: ([62,59,58,28,27,20,17,12,6,4,1,],[62,28,27,20,12,4,]): Prob: 8
([],[17,16,]): ->([20,19,],[20,19,])->([23,22,15,14,12,11,],[23,22,15,14,])->([26,25,15,14,10,9,4,3,],[26,25,10,9,7,6,])->: ([63,60,29,28,21,18,13,12,7,6,5,4,2,1,],[63,29,28,21,13,12,5,4,]): Prob: 8
([],[18,17,]): ->([21,20,],[21,20,])->([24,23,16,13,],[24,23,16,])->([27,26,16,11,5,],[27,26,11,8,7,])->: ([63,61,30,29,22,19,14,10,8,7,6,3,2,0,],[63,30,29,22,14,10,6,0,]): Prob: 8
([],[19,18,]): ->([22,21,],[22,21,])->([25,24,17,16,14,13,],[25,24,17,16,])->([28,27,17,16,12,6,],[28,27,12,9,])->: ([62,61,31,30,23,20,15,9,7,4,3,1,],[31,30,23,15,7,1,]): Prob: 8
([],[20,19,]): ->([23,22,],[23,22,])->([26,25,18,17,15,14,],[26,25,18,17,])->([29,28,18,17,13,7,],[29,28,13,10,])->: ([63,62,32,31,24,21,16,10,8,5,4,2,],[32,31,24,16,8,2,]): Prob: 8
([],[21,20,]): ->([24,23,],[24,23,])->([27,26,19,16,],[27,26,19,])->([30,29,19,14,8,],[30,29,14,11,10,])->: ([33,32,25,22,17,11,9,6,5,3,0,],[33,32,25,17,9,3,]): Prob: 7
([],[22,21,]): ->([25,24,],[25,24,])->([28,27,20,17,],[28,27,20,])->([31,30,20,15,14,9,8,],[31,30,15,14,12,])->: ([34,33,26,23,18,17,14,12,10,7,4,1,],[34,33,26,18,17,14,10,4,]): Prob: 8
([],[23,22,]): ->([26,25,],[26,25,])->([29,28,21,20,18,17,],[29,28,21,20,])->([32,31,21,20,16,10,],[32,31,16,13,])->: ([35,34,27,24,19,13,11,8,7,5,2,1,],[35,34,27,19,11,5,]): Prob: 8
([],[24,23,]): ->([27,26,],[27,26,])->([30,29,22,21,19,18,],[30,29,22,21,])->([33,32,22,21,17,11,],[33,32,17,14,])->: ([36,35,28,25,20,14,12,11,9,6,5,3,],[36,35,28,20,12,11,6,5,]): Prob: 8
([],[25,24,]): ->([28,27,],[28,27,])->([31,30,23,22,20,19,],[31,30,23,22,])->([34,33,23,22,18,12,],[34,33,18,15,])->: ([37,36,29,26,21,15,13,10,9,7,4,3,],[37,36,29,21,13,7,]): Prob: 8
([],[26,25,]): ->([29,28,],[29,28,])->([32,31,24,21,],[32,31,24,])->([35,34,24,19,18,13,12,],[35,34,19,18,16,])->: ([38,37,30,27,22,21,18,16,14,13,11,10,8,5,],[38,37,30,22,21,18,14,13,8,]): Prob: 8
([],[27,26,]): ->([30,29,],[30,29,])->([33,32,25,24,22,21,],[33,32,25,24,])->([36,35,25,24,20,19,14,13,],[36,35,20,19,17,16,])->: ([39,38,31,30,28,27,23,22,19,17,15,12,9,6,],[39,38,31,30,23,22,19,15,9,]): Prob: 8
([],[28,27,]): ->([31,30,],[31,30,])->([34,33,26,25,23,22,],[34,33,26,25,])->([37,36,26,25,21,15,],[37,36,21,18,])->: ([40,39,32,29,24,18,16,15,13,10,7,6,],[40,39,32,24,16,15,10,]): Prob: 8
([],[29,28,]): ->([32,31,],[32,31,])->([35,34,27,26,24,23,],[35,34,27,26,])->([38,37,27,26,22,16,],[38,37,22,19,])->: ([41,40,33,30,25,19,17,14,13,11,8,7,],[41,40,33,25,17,11,]): Prob: 8
([],[30,29,]): ->([33,32,],[33,32,])->([36,35,28,27,25,24,],[36,35,28,27,])->([39,38,28,27,23,17,],[39,38,23,20,])->: ([42,41,34,31,26,20,18,15,14,12,9,8,],[42,41,34,26,18,12,]): Prob: 8
([],[31,30,]): ->([34,33,],[34,33,])->([37,36,29,28,26,25,],[37,36,29,28,])->([40,39,29,28,24,18,],[40,39,24,21,])->: ([43,42,35,32,27,21,19,18,16,13,10,9,],[43,42,35,27,19,18,13,]): Prob: 8
([],[32,31,]): ->([35,34,],[35,34,])->([38,37,30,29,27,26,],[38,37,30,29,])->([41,40,30,29,25,19,],[41,40,25,22,])->: ([44,43,36,33,28,22,20,17,16,14,11,10,],[44,43,36,28,20,14,]): Prob: 8
([],[33,32,]): ->([36,35,],[36,35,])->([39,38,31,30,28,27,],[39,38,31,30,])->([42,41,31,30,26,20,],[42,41,26,23,])->: ([45,44,37,34,29,23,21,18,17,15,12,11,],[45,44,37,29,21,15,]): Prob: 8
([],[34,33,]): ->([37,36,],[37,36,])->([40,39,32,31,29,28,],[40,39,32,31,])->([43,42,32,31,27,21,],[43,42,27,24,])->: ([46,45,38,35,30,24,22,21,19,16,13,12,],[46,45,38,30,22,21,16,]): Prob: 8
([],[35,34,]): ->([38,37,],[38,37,])->([41,40,33,32,30,29,],[41,40,33,32,])->([44,43,33,32,28,22,],[44,43,28,25,])->: ([47,46,39,36,31,25,23,22,20,17,14,13,],[47,46,39,31,23,22,17,]): Prob: 8
([],[36,35,]): ->([39,38,],[39,38,])->([42,41,34,31,],[42,41,34,])->([45,44,34,29,23,],[45,44,29,26,25,])->: ([48,47,40,37,32,26,24,23,21,18,15,14,],[48,47,40,32,24,23,18,]): Prob: 8
([],[37,36,]): ->([40,39,],[40,39,])->([43,42,35,32,],[43,42,35,])->([46,45,35,30,24,],[46,45,30,27,26,])->: ([49,48,41,38,33,29,27,26,25,24,22,19,16,15,],[49,48,41,33,29,25,24,19,]): Prob: 8
([],[38,37,]): ->([41,40,],[41,40,])->([44,43,36,35,33,32,],[44,43,36,35,])->([47,46,36,35,31,25,],[47,46,31,28,])->: ([50,49,42,39,34,28,26,23,22,20,17,16,],[50,49,42,34,26,20,]): Prob: 8
([],[39,38,]): ->([42,41,],[42,41,])->([45,44,37,36,34,33,],[45,44,37,36,])->([48,47,37,36,32,31,26,25,],[48,47,32,31,29,28,])->: ([51,50,43,40,35,34,31,29,27,24,21,18,],[51,50,43,35,34,31,27,21,]): Prob: 8
([],[40,39,]): ->([43,42,],[43,42,])->([46,45,38,37,35,34,],[46,45,38,37,])->([49,48,38,37,33,27,],[49,48,33,30,])->: ([52,51,44,41,36,30,28,25,24,22,19,18,],[52,51,44,36,28,22,]): Prob: 8
([],[41,40,]): ->([44,43,],[44,43,])->([47,46,39,38,36,35,],[47,46,39,38,])->([50,49,39,38,34,28,],[50,49,34,31,])->: ([53,52,45,42,37,31,29,26,25,23,20,19,],[53,52,45,37,29,23,]): Prob: 8
([],[42,41,]): ->([45,44,],[45,44,])->([48,47,40,39,37,36,],[48,47,40,39,])->([51,50,40,39,35,29,],[51,50,35,32,])->: ([54,53,46,43,38,32,30,27,26,24,21,20,],[54,53,46,38,30,24,]): Prob: 8
([],[43,42,]): ->([46,45,],[46,45,])->([49,48,41,40,38,37,],[49,48,41,40,])->([52,51,41,40,36,30,],[52,51,36,33,])->: ([55,54,47,44,39,33,31,28,27,25,24,22,],[55,54,47,39,31,25,24,]): Prob: 8
([],[44,43,]): ->([47,46,],[47,46,])->([50,49,42,41,39,38,],[50,49,42,41,])->([53,52,42,41,37,31,],[53,52,37,34,])->: ([56,55,48,45,40,36,34,33,32,29,28,26,23,22,],[56,55,48,40,36,32,26,]): Prob: 8
([],[45,44,]): ->([48,47,],[48,47,])->([51,50,43,42,40,39,],[51,50,43,42,])->([54,53,43,42,38,32,],[54,53,38,35,])->: ([57,56,49,46,41,35,33,30,29,27,24,23,],[57,56,49,41,33,27,]): Prob: 8
([],[46,45,]): ->([49,48,],[49,48,])->([52,51,44,41,],[52,51,44,])->([55,54,44,39,33,],[55,54,39,36,35,])->: ([58,57,50,47,42,36,34,31,30,28,25,24,],[58,57,50,42,34,28,]): Prob: 8
([],[47,46,]): ->([50,49,],[50,49,])->([53,52,45,44,42,41,],[53,52,45,44,])->([56,55,45,44,40,34,],[56,55,40,37,])->: ([59,58,51,48,43,37,35,32,31,29,28,26,],[59,58,51,43,35,29,28,]): Prob: 8
([],[48,47,]): ->([51,50,],[51,50,])->([54,53,46,43,],[54,53,46,])->([57,56,46,41,40,35,34,],[57,56,41,40,38,])->: ([60,59,52,49,44,43,40,38,36,33,30,27,],[60,59,52,44,43,40,36,30,]): Prob: 8
([],[49,48,]): ->([52,51,],[52,51,])->([55,54,47,44,],[55,54,47,])->([58,57,47,42,41,36,35,],[58,57,42,41,39,])->: ([61,60,53,50,45,44,41,39,37,34,31,28,],[61,60,53,45,44,41,37,31,]): Prob: 8
([],[50,49,]): ->([53,52,],[53,52,])->([56,55,48,47,45,44,],[56,55,48,47,])->([59,58,48,47,43,37,],[59,58,43,40,])->: ([62,61,54,51,46,40,38,35,34,32,29,28,],[62,61,54,46,38,32,]): Prob: 8
([],[51,50,]): ->([54,53,],[54,53,])->([57,56,49,48,46,45,],[57,56,49,48,])->([60,59,49,48,44,43,38,37,],[60,59,44,43,41,40,])->: ([63,62,55,52,47,46,41,40,39,36,33,30,],[63,62,55,47,46,39,33,]): Prob: 8
([],[52,51,]): ->([55,54,],[55,54,])->([58,57,50,47,],[58,57,50,])->([61,60,50,45,44,39,38,],[61,60,45,44,42,])->: ([63,56,53,48,47,42,41,40,37,34,31,0,],[63,56,48,47,40,34,0,]): Prob: 8
([],[53,52,]): ->([56,55,],[56,55,])->([59,58,51,48,],[59,58,51,])->([62,61,51,46,45,40,39,],[62,61,46,45,43,])->: ([57,54,49,48,43,42,41,38,35,34,32,31,1,0,],[57,49,48,41,35,34,1,0,]): Prob: 8
([],[54,53,]): ->([57,56,],[57,56,])->([60,59,52,49,],[60,59,52,])->([63,62,52,47,46,41,40,],[63,62,47,46,44,])->: ([58,55,50,49,46,44,42,39,36,33,2,1,],[58,50,49,46,42,36,2,1,]): Prob: 8
([],[55,54,]): ->([58,57,],[58,57,])->([61,60,53,52,50,49,],[61,60,53,52,])->([63,53,52,48,42,0,],[63,48,45,0,])->: ([59,56,51,45,43,42,40,37,34,33,3,2,],[59,51,43,42,37,3,2,]): Prob: 8
([],[56,55,]): ->([59,58,],[59,58,])->([62,61,54,51,],[62,61,54,])->([54,49,43,1,0,],[49,46,45,1,0,])->: ([60,57,52,46,44,41,40,38,35,34,4,3,],[60,52,44,38,4,3,]): Prob: 8
([],[57,56,]): ->([60,59,],[60,59,])->([63,62,55,52,],[63,62,55,])->([55,50,49,44,43,2,1,],[50,49,47,2,1,])->: ([61,58,53,52,47,46,45,42,39,36,5,4,],[61,53,52,45,39,5,4,]): Prob: 8
([],[58,57,]): ->([61,60,],[61,60,])->([63,56,53,0,],[63,56,0,])->([56,51,45,3,2,],[51,48,47,3,2,])->: ([62,59,54,48,46,43,42,40,39,37,6,5,],[62,54,46,40,39,6,5,]): Prob: 8
([],[59,58,]): ->([62,61,],[62,61,])->([57,56,54,53,1,0,],[57,56,1,0,])->([57,56,52,46,4,3,],[52,49,4,3,])->: ([63,60,55,49,47,46,44,41,38,37,7,6,],[63,55,47,46,41,7,6,]): Prob: 8
([],[60,59,]): ->([63,62,],[63,62,])->([58,55,2,1,],[58,2,1,])->([58,53,52,47,46,5,4,],[53,52,50,5,4,])->: ([61,56,55,50,49,48,45,42,39,8,7,0,],[56,55,48,42,8,7,0,]): Prob: 8
([],[61,60,]): ->([63,0,],[63,0,])->([59,58,56,55,3,2,],[59,58,3,2,])->([59,58,54,48,6,5,],[54,51,6,5,])->: ([62,57,53,51,50,49,46,45,43,40,39,9,8,1,],[57,53,49,43,9,8,1,]): Prob: 8
([],[62,61,]): ->([1,0,],[1,0,])->([60,57,4,3,],[60,4,3,])->([60,55,54,49,48,7,6,],[55,54,52,7,6,])->: ([63,58,57,54,52,50,47,44,41,10,9,2,],[58,57,54,50,44,10,9,2,]): Prob: 8
([],[63,62,]): ->([2,1,],[2,1,])->([61,60,58,57,5,4,],[61,60,5,4,])->([61,60,56,55,50,49,8,7,],[56,55,53,52,8,7,])->: ([63,62,59,58,55,53,51,50,48,47,45,42,11,10,3,2,0,],[59,58,55,51,50,45,11,10,3,2,]): Prob: 8