For output mask v2[0] at Round 4, some of the intermediate mask at Round 2 are as follows:

2: 4 -1.99048, 3 -3.20672, 0 -4.12667,  
7: 20 -12.8306, 4 -12.9801, 0 -13.8621, 
8: 20 -6.9557, 19 -11.3648, 
13: 4 -3.19028, 

2: 4 -1.99048, 0 -4.12667, 
7: 20 -12.8306, 4 -12.9801, 3 -19.0864, 0 -13.8621,  bad
8: 20 -6.9557, 19 -11.3648, 
13: 4 -3.19028, 

2: 4 -1.99048, 0 -4.12667, good！
7: 20 -12.8306, 4 -12.9801, 0 -13.8621, 
8: 20 -6.9557, 
13: 4 -3.19028, 3 -5.40367, 

2: 4 -1.99048, 3 -3.20672, 0 -4.12667, 
7: 20 -12.8306, 4 -12.9801, 3 -19.0864, 0 -13.8621, bad
8: 20 -6.9557, 
13: 4 -3.19028, 3 -5.40367, 

For output mask v8[0] at Round 4, some of the intermediate mask at Round 2 are as follows:

2: 28 -4.78527, 24 -2.85867, 16 -3.51968, 15 -5.82078, 8 -5.44381, 7 -9.27664, 
7: 28 -12.0982, 24 -12.8431, 16 -12.0858, 12 -11.593, 8 -13.7216, 
8: 12 -7.60282, 0 -6.09853, 
13: 28 -5.00287, 27 -8.85568, 16 -3.38068, 8 -4.77726, 

2: 28 -4.78527, 24 -2.85867, 23 -4.30164, 16 -3.51968, 15 -5.82078, 8 -5.44381, 7 -9.27664, 
7: 28 -12.0982, 24 -12.8431, 16 -12.0858, 12 -11.593, 11 -15.7137, 8 -13.7216, 
8: 12 -7.60282, 11 -11.7267, 0 -6.09853, 
13: 28 -5.00287, 27 -8.85568, 16 -3.38068, 8 -4.77726, 

2: 28 -4.78527, 24 -2.85867, 23 -4.30164, 16 -3.51968, 15 -5.82078, 8 -5.44381, 7 -9.27664, 
7: 28 -12.0982, 24 -12.8431, 23 -17.5919, 16 -12.0858, 12 -11.593, 8 -13.7216, 
8: 12 -7.60282, 0 -6.09853, 
13: 28 -5.00287, 27 -8.85568, 16 -3.38068, 8 -4.77726, 

2: 28 -4.78527, 24 -2.85867, 16 -3.51968, 15 -5.82078, 8 -5.44381, 
7: 28 -12.0982, 24 -12.8431, 16 -12.0858, 12 -11.593, 8 -13.7216, 7 -15.4736, 
8: 12 -7.60282, 0 -6.09853, 
13: 28 -5.00287, 27 -8.85568, 16 -3.38068, 8 -4.77726, 

2: 28 -4.78527, 24 -2.85867, 16 -3.51968, 8 -5.44381, 7 -9.27664, 
7: 28 -12.0982, 24 -12.8431, 16 -12.0858, 15 -15.9732, 12 -11.593, 8 -13.7216, 
8: 12 -7.60282, 0 -6.09853, 
13: 28 -5.00287, 27 -8.85568, 16 -3.38068, 8 -4.77726, 

2: 28 -4.78527, 24 -2.85867, 23 -4.30164, 16 -3.51968, 8 -5.44381, 7 -9.27664, 
7: 28 -12.0982, 24 -12.8431, 16 -12.0858, 15 -15.9732, 12 -11.593, 11 -15.7137, 8 -13.7216, 
8: 12 -7.60282, 11 -11.7267, 0 -6.09853, 
13: 28 -5.00287, 27 -8.85568, 16 -3.38068, 8 -4.77726, 

2: 28 -4.78527, 24 -2.85867, 16 -3.51968, 8 -5.44381, 7 -9.27664, 
7: 28 -12.0982, 24 -12.8431, 23 -17.5919, 16 -12.0858, 15 -15.9732, 12 -11.593, 11 -15.7137, 8 -13.7216, 
8: 12 -7.60282, 11 -11.7267, 0 -6.09853, 
13: 28 -5.00287, 27 -8.85568, 16 -3.38068, 8 -4.77726, 

2: 28 -4.78527, 24 -2.85867, 23 -4.30164, 16 -3.51968, 8 -5.44381, 7 -9.27664, 
7: 28 -12.0982, 24 -12.8431, 23 -17.5919, 16 -12.0858, 15 -15.9732, 12 -11.593, 8 -13.7216, 
8: 12 -7.60282, 0 -6.09853, 
13: 28 -5.00287, 27 -8.85568, 16 -3.38068, 8 -4.77726, 

2: 28 -4.78527, 27 -8.40061, 24 -2.85867, 16 -3.51968, 8 -5.44381, 7 -9.27664, 
7: 28 -12.0982, 27 -14.3843, 24 -12.8431, 23 -17.5919, 16 -12.0858, 15 -15.9732, 12 -11.593, 11 -15.7137, 8 -13.7216, 
8: 12 -7.60282, 11 -11.7267, 0 -6.09853, 
13: 28 -5.00287, 27 -8.85568, 16 -3.38068, 8 -4.77726, 

2: 28 -4.78527, 24 -2.85867, 23 -4.30164, 16 -3.51968, 15 -5.82078, 8 -5.44381, 7 -9.27664, 
7: 28 -12.0982, 27 -14.3843, 24 -12.8431, 23 -17.5919, 16 -12.0858, 12 -11.593, 8 -13.7216, 
8: 12 -7.60282, 11 -11.7267, 0 -6.09853, 
13: 28 -5.00287, 16 -3.38068, 8 -4.77726, 

2: 28 -4.78527, 24 -2.85867, 16 -3.51968, 8 -5.44381, 
7: 28 -12.0982, 24 -12.8431, 16 -12.0858, 15 -15.9732, 12 -11.593, 8 -13.7216, 7 -15.4736, 
8: 12 -7.60282, 0 -6.09853, 
13: 28 -5.00287, 27 -8.85568, 16 -3.38068, 8 -4.77726, 

2: 28 -4.78527, 24 -2.85867, 16 -3.51968, 8 -5.44381, 7 -9.27664, 
7: 28 -12.0982, 27 -14.3843, 24 -12.8431, 16 -12.0858, 15 -15.9732, 12 -11.593, 8 -13.7216, 
8: 12 -7.60282, 11 -11.7267, 0 -6.09853, 
13: 28 -5.00287, 16 -3.38068, 8 -4.77726, 

2: 28 -4.78527, 24 -2.85867, 16 -3.51968, 15 -5.82078, 8 -5.44381, 7 -9.27664, 
7: 28 -12.0982, 27 -14.3843, 24 -12.8431, 16 -12.0858, 12 -11.593, 8 -13.7216, 
8: 12 -7.60282, 11 -11.7267, 0 -6.09853, 
13: 28 -5.00287, 16 -3.38068, 8 -4.77726, 

2: 28 -4.78527, 27 -8.40061, 24 -2.85867, 16 -3.51968, 8 -5.44381, 
7: 28 -12.0982, 27 -14.3843, 24 -12.8431, 16 -12.0858, 15 -15.9732, 12 -11.593, 8 -13.7216, 7 -15.4736, 
8: 12 -7.60282, 0 -6.09853, 
13: 28 -5.00287, 27 -8.85568, 16 -3.38068, 8 -4.77726, 

2: 28 -4.78527, 24 -2.85867, 23 -4.30164, 16 -3.51968, 8 -5.44381, 7 -9.27664, 
7: 28 -12.0982, 27 -14.3843, 24 -12.8431, 16 -12.0858, 15 -15.9732, 12 -11.593, 11 -15.7137, 8 -13.7216, 
8: 12 -7.60282, 0 -6.09853, 
13: 28 -5.00287, 16 -3.38068, 8 -4.77726, 

2: 28 -4.78527, 27 -8.40061, 24 -2.85867, 23 -4.30164, 16 -3.51968, 8 -5.44381, 7 -9.27664, 
7: 28 -12.0982, 27 -14.3843, 24 -12.8431, 16 -12.0858, 15 -15.9732, 12 -11.593, 11 -15.7137, 8 -13.7216, 
8: 12 -7.60282, 11 -11.7267, 0 -6.09853, 
13: 28 -5.00287, 27 -8.85568, 16 -3.38068, 8 -4.77726, 

2: 28 -4.78527, 24 -2.85867, 16 -3.51968, 15 -5.82078, 8 -5.44381, 
7: 28 -12.0982, 27 -14.3843, 24 -12.8431, 16 -12.0858, 12 -11.593, 8 -13.7216, 7 -15.4736, 
8: 12 -7.60282, 11 -11.7267, 0 -6.09853, 
13: 28 -5.00287, 16 -3.38068, 8 -4.77726, 

2: 28 -4.78527, 24 -2.85867, 23 -4.30164, 16 -3.51968, 8 -5.44381, 
7: 28 -12.0982, 27 -14.3843, 24 -12.8431, 16 -12.0858, 15 -15.9732, 12 -11.593, 11 -15.7137, 8 -13.7216, 7 -15.4736, 
8: 12 -7.60282, 0 -6.09853, 
13: 28 -5.00287, 16 -3.38068, 8 -4.77726, 

2: 28 -4.78527, 27 -8.40061, 24 -2.85867, 23 -4.30164, 16 -3.51968, 8 -5.44381, 
7: 28 -12.0982, 27 -14.3843, 24 -12.8431, 23 -17.5919, 16 -12.0858, 15 -15.9732, 12 -11.593, 8 -13.7216, 7 -15.4736, 
8: 12 -7.60282, 0 -6.09853, 
13: 28 -5.00287, 27 -8.85568, 16 -3.38068, 8 -4.77726, 

2: 28 -4.78527, 24 -2.85867, 16 -3.51968, 8 -5.44381, 
7: 28 -12.0982, 24 -12.8431, 23 -17.5919, 16 -12.0858, 15 -15.9732, 12 -11.593, 11 -15.7137, 8 -13.7216, 7 -15.4736, 
8: 12 -7.60282, 11 -11.7267, 0 -6.09853, 
13: 28 -5.00287, 27 -8.85568, 16 -3.38068, 8 -4.77726, 

2: 28 -4.78527, 24 -2.85867, 23 -4.30164, 16 -3.51968, 15 -5.82078, 8 -5.44381, 
7: 28 -12.0982, 27 -14.3843, 24 -12.8431, 23 -17.5919, 16 -12.0858, 12 -11.593, 8 -13.7216, 7 -15.4736, 
8: 12 -7.60282, 11 -11.7267, 0 -6.09853, 
13: 28 -5.00287, 16 -3.38068, 8 -4.77726, 

2: 28 -4.78527, 27 -8.40061, 24 -2.85867, 23 -4.30164, 16 -3.51968, 15 -5.82078, 8 -5.44381, 
7: 28 -12.0982, 24 -12.8431, 23 -17.5919, 16 -12.0858, 12 -11.593, 8 -13.7216, 7 -15.4736, 
8: 12 -7.60282, 11 -11.7267, 0 -6.09853, 
13: 28 -5.00287, 16 -3.38068, 8 -4.77726, 

2: 28 -4.78527, 27 -8.40061, 24 -2.85867, 16 -3.51968, 15 -5.82078, 8 -5.44381, 
7: 28 -12.0982, 24 -12.8431, 16 -12.0858, 12 -11.593, 8 -13.7216, 7 -15.4736, 
8: 12 -7.60282, 11 -11.7267, 0 -6.09853, 
13: 28 -5.00287, 16 -3.38068, 8 -4.77726, 

2: 28 -4.78527, 24 -2.85867, 23 -4.30164, 16 -3.51968, 15 -5.82078, 8 -5.44381, 
7: 28 -12.0982, 27 -14.3843, 24 -12.8431, 16 -12.0858, 12 -11.593, 11 -15.7137, 8 -13.7216, 7 -15.4736, 
8: 12 -7.60282, 0 -6.09853, 
13: 28 -5.00287, 16 -3.38068, 8 -4.77726, 

2: 28 -4.78527, 27 -8.40061, 24 -2.85867, 23 -4.30164, 16 -3.51968, 15 -5.82078, 8 -5.44381, 
7: 28 -12.0982, 24 -12.8431, 16 -12.0858, 12 -11.593, 11 -15.7137, 8 -13.7216, 7 -15.4736, 
8: 12 -7.60282, 0 -6.09853, 
13: 28 -5.00287, 16 -3.38068, 8 -4.77726, 

2: 28 -4.78527, 27 -8.40061, 24 -2.85867, 23 -4.30164, 16 -3.51968, 15 -5.82078, 8 -5.44381, 7 -9.27664, 
7: 28 -12.0982, 24 -12.8431, 23 -17.5919, 16 -12.0858, 12 -11.593, 8 -13.7216, 
8: 12 -7.60282, 11 -11.7267, 0 -6.09853, 
13: 28 -5.00287, 16 -3.38068, 8 -4.77726, 

2: 28 -4.78527, 24 -2.85867, 16 -3.51968, 15 -5.82078, 8 -5.44381, 
7: 28 -12.0982, 24 -12.8431, 23 -17.5919, 16 -12.0858, 12 -11.593, 11 -15.7137, 8 -13.7216, 7 -15.4736, 
8: 12 -7.60282, 11 -11.7267, 0 -6.09853, 
13: 28 -5.00287, 27 -8.85568, 16 -3.38068, 8 -4.77726, 

2: 28 -4.78527, 27 -8.40061, 24 -2.85867, 23 -4.30164, 16 -3.51968, 8 -5.44381, 7 -9.27664, 
7: 28 -12.0982, 27 -14.3843, 24 -12.8431, 23 -17.5919, 16 -12.0858, 15 -15.9732, 12 -11.593, 8 -13.7216, 
8: 12 -7.60282, 0 -6.09853, 
13: 28 -5.00287, 27 -8.85568, 16 -3.38068, 8 -4.77726, 

2: 28 -4.78527, 24 -2.85867, 23 -4.30164, 16 -3.51968, 8 -5.44381, 
7: 28 -12.0982, 24 -12.8431, 16 -12.0858, 15 -15.9732, 12 -11.593, 11 -15.7137, 8 -13.7216, 7 -15.4736, 
8: 12 -7.60282, 11 -11.7267, 0 -6.09853, 
13: 28 -5.00287, 27 -8.85568, 16 -3.38068, 8 -4.77726, 

2: 28 -4.78527, 27 -8.40061, 24 -2.85867, 16 -3.51968, 8 -5.44381, 
7: 28 -12.0982, 27 -14.3843, 24 -12.8431, 23 -17.5919, 16 -12.0858, 15 -15.9732, 12 -11.593, 11 -15.7137, 8 -13.7216, 7 -15.4736, 
8: 12 -7.60282, 11 -11.7267, 0 -6.09853, 
13: 28 -5.00287, 27 -8.85568, 16 -3.38068, 8 -4.77726, 

2: 28 -4.78527, 27 -8.40061, 24 -2.85867, 16 -3.51968, 15 -5.82078, 8 -5.44381, 
7: 28 -12.0982, 27 -14.3843, 24 -12.8431, 23 -17.5919, 16 -12.0858, 12 -11.593, 11 -15.7137, 8 -13.7216, 7 -15.4736, 
8: 12 -7.60282, 11 -11.7267, 0 -6.09853, 
13: 28 -5.00287, 27 -8.85568, 16 -3.38068, 8 -4.77726, 

2: 28 -4.78527, 27 -8.40061, 24 -2.85867, 16 -3.51968, 15 -5.82078, 8 -5.44381, 
7: 28 -12.0982, 27 -14.3843, 24 -12.8431, 16 -12.0858, 12 -11.593, 8 -13.7216, 7 -15.4736, 
8: 12 -7.60282, 0 -6.09853, 
13: 28 -5.00287, 27 -8.85568, 16 -3.38068, 8 -4.77726, 

2: 28 -4.78527, 27 -8.40061, 24 -2.85867, 16 -3.51968, 15 -5.82078, 8 -5.44381, 7 -9.27664, 
7: 28 -12.0982, 27 -14.3843, 24 -12.8431, 23 -17.5919, 16 -12.0858, 12 -11.593, 11 -15.7137, 8 -13.7216, 
8: 12 -7.60282, 11 -11.7267, 0 -6.09853, 
13: 28 -5.00287, 27 -8.85568, 16 -3.38068, 8 -4.77726, 

2: 28 -4.78527, 27 -8.40061, 24 -2.85867, 23 -4.30164, 16 -3.51968, 15 -5.82078, 8 -5.44381, 
7: 28 -12.0982, 27 -14.3843, 24 -12.8431, 23 -17.5919, 16 -12.0858, 12 -11.593, 8 -13.7216, 7 -15.4736, 
8: 12 -7.60282, 0 -6.09853, 
13: 28 -5.00287, 27 -8.85568, 16 -3.38068, 8 -4.77726, 

2: 28 -4.78527, 24 -2.85867, 16 -3.51968, 8 -5.44381, 
7: 28 -12.0982, 27 -14.3843, 24 -12.8431, 16 -12.0858, 15 -15.9732, 12 -11.593, 8 -13.7216, 7 -15.4736, 
8: 12 -7.60282, 11 -11.7267, 0 -6.09853, 
13: 28 -5.00287, 16 -3.38068, 8 -4.77726, 

2: 28 -4.78527, 24 -2.85867, 23 -4.30164, 16 -3.51968, 8 -5.44381, 
7: 28 -12.0982, 27 -14.3843, 24 -12.8431, 23 -17.5919, 16 -12.0858, 15 -15.9732, 12 -11.593, 8 -13.7216, 7 -15.4736, 
8: 12 -7.60282, 11 -11.7267, 0 -6.09853, 
13: 28 -5.00287, 16 -3.38068, 8 -4.77726, 

2: 28 -4.78527, 27 -8.40061, 24 -2.85867, 16 -3.51968, 8 -5.44381, 
7: 28 -12.0982, 24 -12.8431, 16 -12.0858, 15 -15.9732, 12 -11.593, 8 -13.7216, 7 -15.4736, 
8: 12 -7.60282, 11 -11.7267, 0 -6.09853, 
13: 28 -5.00287, 16 -3.38068, 8 -4.77726, 

2: 28 -4.78527, 27 -8.40061, 24 -2.85867, 23 -4.30164, 16 -3.51968, 8 -5.44381, 
7: 28 -12.0982, 24 -12.8431, 23 -17.5919, 16 -12.0858, 15 -15.9732, 12 -11.593, 8 -13.7216, 7 -15.4736, 
8: 12 -7.60282, 11 -11.7267, 0 -6.09853, 
13: 28 -5.00287, 16 -3.38068, 8 -4.77726, 

2: 28 -4.78527, 27 -8.40061, 24 -2.85867, 16 -3.51968, 8 -5.44381, 7 -9.27664, 
7: 28 -12.0982, 27 -14.3843, 24 -12.8431, 16 -12.0858, 15 -15.9732, 12 -11.593, 8 -13.7216, 
8: 12 -7.60282, 0 -6.09853, 
13: 28 -5.00287, 27 -8.85568, 16 -3.38068, 8 -4.77726, 

2: 28 -4.78527, 27 -8.40061, 24 -2.85867, 16 -3.51968, 15 -5.82078, 8 -5.44381, 7 -9.27664, 
7: 28 -12.0982, 27 -14.3843, 24 -12.8431, 16 -12.0858, 12 -11.593, 8 -13.7216, 
8: 12 -7.60282, 0 -6.09853, 
13: 28 -5.00287, 27 -8.85568, 16 -3.38068, 8 -4.77726, 

2: 28 -4.78527, 24 -2.85867, 23 -4.30164, 16 -3.51968, 15 -5.82078, 8 -5.44381, 7 -9.27664, 
7: 28 -12.0982, 27 -14.3843, 24 -12.8431, 16 -12.0858, 12 -11.593, 11 -15.7137, 8 -13.7216, 
8: 12 -7.60282, 0 -6.09853, 
13: 28 -5.00287, 16 -3.38068, 8 -4.77726, 

2: 28 -4.78527, 27 -8.40061, 24 -2.85867, 23 -4.30164, 16 -3.51968, 15 -5.82078, 8 -5.44381, 7 -9.27664, 
7: 28 -12.0982, 24 -12.8431, 16 -12.0858, 12 -11.593, 11 -15.7137, 8 -13.7216, 
8: 12 -7.60282, 0 -6.09853, 
13: 28 -5.00287, 16 -3.38068, 8 -4.77726, 

2: 28 -4.78527, 24 -2.85867, 23 -4.30164, 16 -3.51968, 8 -5.44381, 
7: 28 -12.0982, 24 -12.8431, 23 -17.5919, 16 -12.0858, 15 -15.9732, 12 -11.593, 8 -13.7216, 7 -15.4736, 
8: 12 -7.60282, 0 -6.09853, 
13: 28 -5.00287, 27 -8.85568, 16 -3.38068, 8 -4.77726, 

2: 28 -4.78527, 24 -2.85867, 23 -4.30164, 16 -3.51968, 15 -5.82078, 8 -5.44381, 
7: 28 -12.0982, 24 -12.8431, 23 -17.5919, 16 -12.0858, 12 -11.593, 8 -13.7216, 7 -15.4736, 
8: 12 -7.60282, 0 -6.09853, 
13: 28 -5.00287, 27 -8.85568, 16 -3.38068, 8 -4.77726, 

2: 28 -4.78527, 27 -8.40061, 24 -2.85867, 16 -3.51968, 15 -5.82078, 8 -5.44381, 7 -9.27664, 
7: 28 -12.0982, 24 -12.8431, 16 -12.0858, 12 -11.593, 8 -13.7216, 
8: 12 -7.60282, 11 -11.7267, 0 -6.09853, 
13: 28 -5.00287, 16 -3.38068, 8 -4.77726, 

2: 28 -4.78527, 24 -2.85867, 23 -4.30164, 16 -3.51968, 15 -5.82078, 8 -5.44381, 
7: 28 -12.0982, 24 -12.8431, 16 -12.0858, 12 -11.593, 11 -15.7137, 8 -13.7216, 7 -15.4736, 
8: 12 -7.60282, 11 -11.7267, 0 -6.09853, 
13: 28 -5.00287, 27 -8.85568, 16 -3.38068, 8 -4.77726, 

2: 28 -4.78527, 27 -8.40061, 24 -2.85867, 23 -4.30164, 16 -3.51968, 8 -5.44381, 
7: 28 -12.0982, 24 -12.8431, 16 -12.0858, 15 -15.9732, 12 -11.593, 11 -15.7137, 8 -13.7216, 7 -15.4736, 
8: 12 -7.60282, 0 -6.09853, 
13: 28 -5.00287, 16 -3.38068, 8 -4.77726, 

2: 28 -4.78527, 27 -8.40061, 24 -2.85867, 23 -4.30164, 16 -3.51968, 15 -5.82078, 8 -5.44381, 7 -9.27664, 
7: 28 -12.0982, 27 -14.3843, 24 -12.8431, 16 -12.0858, 12 -11.593, 11 -15.7137, 8 -13.7216, 
8: 12 -7.60282, 11 -11.7267, 0 -6.09853, 
13: 28 -5.00287, 27 -8.85568, 16 -3.38068, 8 -4.77726, 

2: 28 -4.78527, 27 -8.40061, 24 -2.85867, 23 -4.30164, 16 -3.51968, 15 -5.82078, 8 -5.44381, 
7: 28 -12.0982, 27 -14.3843, 24 -12.8431, 16 -12.0858, 12 -11.593, 11 -15.7137, 8 -13.7216, 7 -15.4736, 
8: 12 -7.60282, 11 -11.7267, 0 -6.09853, 
13: 28 -5.00287, 27 -8.85568, 16 -3.38068, 8 -4.77726, 

2: 28 -4.78527, 24 -2.85867, 16 -3.51968, 15 -5.82078, 8 -5.44381, 7 -9.27664, 
7: 28 -12.0982, 24 -12.8431, 23 -17.5919, 16 -12.0858, 12 -11.593, 11 -15.7137, 8 -13.7216, 
8: 12 -7.60282, 11 -11.7267, 0 -6.09853, 
13: 28 -5.00287, 27 -8.85568, 16 -3.38068, 8 -4.77726, 

2: 28 -4.78527, 27 -8.40061, 24 -2.85867, 23 -4.30164, 16 -3.51968, 8 -5.44381, 
7: 28 -12.0982, 27 -14.3843, 24 -12.8431, 16 -12.0858, 15 -15.9732, 12 -11.593, 11 -15.7137, 8 -13.7216, 7 -15.4736, 
8: 12 -7.60282, 11 -11.7267, 0 -6.09853, 
13: 28 -5.00287, 27 -8.85568, 16 -3.38068, 8 -4.77726, 

2: 28 -4.78527, 27 -8.40061, 24 -2.85867, 16 -3.51968, 8 -5.44381, 7 -9.27664, 
7: 28 -12.0982, 24 -12.8431, 16 -12.0858, 15 -15.9732, 12 -11.593, 8 -13.7216, 
8: 12 -7.60282, 11 -11.7267, 0 -6.09853, 
13: 28 -5.00287, 16 -3.38068, 8 -4.77726, 

2: 28 -4.78527, 27 -8.40061, 24 -2.85867, 23 -4.30164, 16 -3.51968, 8 -5.44381, 7 -9.27664, 
7: 28 -12.0982, 24 -12.8431, 16 -12.0858, 15 -15.9732, 12 -11.593, 11 -15.7137, 8 -13.7216, 
8: 12 -7.60282, 0 -6.09853, 
13: 28 -5.00287, 16 -3.38068, 8 -4.77726, 

2: 28 -4.78527, 27 -8.40061, 24 -2.85867, 23 -4.30164, 16 -3.51968, 15 -5.82078, 8 -5.44381, 7 -9.27664, 
7: 28 -12.0982, 27 -14.3843, 24 -12.8431, 23 -17.5919, 16 -12.0858, 12 -11.593, 8 -13.7216, 
8: 12 -7.60282, 0 -6.09853, 
13: 28 -5.00287, 27 -8.85568, 16 -3.38068, 8 -4.77726, 

2: 28 -4.78527, 24 -2.85867, 23 -4.30164, 16 -3.51968, 8 -5.44381, 7 -9.27664, 
7: 28 -12.0982, 27 -14.3843, 24 -12.8431, 23 -17.5919, 16 -12.0858, 15 -15.9732, 12 -11.593, 8 -13.7216, 
8: 12 -7.60282, 11 -11.7267, 0 -6.09853, 
13: 28 -5.00287, 16 -3.38068, 8 -4.77726, 

2: 28 -4.78527, 27 -8.40061, 24 -2.85867, 23 -4.30164, 16 -3.51968, 8 -5.44381, 7 -9.27664, 
7: 28 -12.0982, 24 -12.8431, 23 -17.5919, 16 -12.0858, 15 -15.9732, 12 -11.593, 8 -13.7216, 
8: 12 -7.60282, 11 -11.7267, 0 -6.09853, 
13: 28 -5.00287, 16 -3.38068, 8 -4.77726, 

2: 28 -4.78527, 24 -2.85867, 16 -3.51968, 8 -5.44381, 7 -9.27664, 
7: 28 -12.0982, 27 -14.3843, 24 -12.8431, 23 -17.5919, 16 -12.0858, 15 -15.9732, 12 -11.593, 11 -15.7137, 8 -13.7216, 
8: 12 -7.60282, 0 -6.09853, 
13: 28 -5.00287, 16 -3.38068, 8 -4.77726, 

2: 28 -4.78527, 24 -2.85867, 16 -3.51968, 8 -5.44381, 
7: 28 -12.0982, 27 -14.3843, 24 -12.8431, 23 -17.5919, 16 -12.0858, 15 -15.9732, 12 -11.593, 11 -15.7137, 8 -13.7216, 7 -15.4736, 
8: 12 -7.60282, 0 -6.09853, 
13: 28 -5.00287, 16 -3.38068, 8 -4.77726, 

2: 28 -4.78527, 24 -2.85867, 16 -3.51968, 15 -5.82078, 8 -5.44381, 
7: 28 -12.0982, 27 -14.3843, 24 -12.8431, 23 -17.5919, 16 -12.0858, 12 -11.593, 11 -15.7137, 8 -13.7216, 7 -15.4736, 
8: 12 -7.60282, 0 -6.09853, 
13: 28 -5.00287, 16 -3.38068, 8 -4.77726, 

2: 28 -4.78527, 24 -2.85867, 16 -3.51968, 15 -5.82078, 8 -5.44381, 7 -9.27664, 
7: 28 -12.0982, 27 -14.3843, 24 -12.8431, 23 -17.5919, 16 -12.0858, 12 -11.593, 11 -15.7137, 8 -13.7216, 
8: 12 -7.60282, 0 -6.09853, 
13: 28 -5.00287, 16 -3.38068, 8 -4.77726, 

2: 28 -4.78527, 27 -8.40061, 24 -2.85867, 16 -3.51968, 15 -5.82078, 8 -5.44381, 
7: 28 -12.0982, 24 -12.8431, 23 -17.5919, 16 -12.0858, 12 -11.593, 11 -15.7137, 8 -13.7216, 7 -15.4736, 
8: 12 -7.60282, 0 -6.09853, 
13: 28 -5.00287, 16 -3.38068, 8 -4.77726, 

2: 28 -4.78527, 27 -8.40061, 24 -2.85867, 16 -3.51968, 8 -5.44381, 
7: 28 -12.0982, 24 -12.8431, 23 -17.5919, 16 -12.0858, 15 -15.9732, 12 -11.593, 11 -15.7137, 8 -13.7216, 7 -15.4736, 
8: 12 -7.60282, 0 -6.09853, 
13: 28 -5.00287, 16 -3.38068, 8 -4.77726, 

2: 28 -4.78527, 27 -8.40061, 24 -2.85867, 16 -3.51968, 8 -5.44381, 7 -9.27664, 
7: 28 -12.0982, 24 -12.8431, 23 -17.5919, 16 -12.0858, 15 -15.9732, 12 -11.593, 11 -15.7137, 8 -13.7216, 
8: 12 -7.60282, 0 -6.09853, 
13: 28 -5.00287, 16 -3.38068, 8 -4.77726, 

2: 28 -4.78527, 27 -8.40061, 24 -2.85867, 16 -3.51968, 15 -5.82078, 8 -5.44381, 7 -9.27664, 
7: 28 -12.0982, 24 -12.8431, 23 -17.5919, 16 -12.0858, 12 -11.593, 11 -15.7137, 8 -13.7216, 
8: 12 -7.60282, 0 -6.09853, 
13: 28 -5.00287, 16 -3.38068, 8 -4.77726, 





