0:
4:[7,],-->0:[0,],2:[13,],3:[17,],4:[19,7,],6:[26,25,],7:[31,26,],8:[19,18,14,13,],11:[31,],12:[14,0,],14:[13,],15:[17,16,],0.0156282, -5.9997
0:[0,],2:[13,],3:[17,],-->0:[4,0,],2:[18,14,4,],3:[18,14,],0.0839868, -3.57369
4:[19,7,],6:[26,25,],7:[31,26,],-->4:[7,4,1,],5:[22,21,19,18,],6:[22,17,16,],7:[31,4,1,],0.00782868, -6.99702
8:[19,18,14,13,],11:[31,],-->8:[24,14,13,11,6,],9:[19,6,5,],10:[24,10,5,],11:[31,11,10,5,],-0.00926065, -6.75467
12:[14,0,],14:[13,],15:[17,16,],-->12:[26,14,12,],13:[31,26,21,12,7,0,],14:[31,25,24,21,20,13,],15:[25,17,16,7,],-0.00894878, -6.80409
-30.1292

1:
4:[7,],-->0:[0,],2:[13,],3:[17,],4:[19,7,],6:[26,25,],7:[31,26,],8:[19,18,14,13,],11:[31,],12:[14,0,],14:[13,],15:[17,16,],0.0156204, -6.00043
0:[0,],2:[13,],3:[17,],-->0:[4,0,],2:[18,14,4,],3:[18,14,],0.0839856, -3.57371
4:[19,7,],6:[26,25,],7:[31,26,],-->4:[31,7,4,1,],5:[22,21,19,17,16,],6:[22,17,],7:[4,1,],-0.00780566, -7.00126
8:[19,18,14,13,],11:[31,],-->8:[24,14,13,11,6,5,],9:[19,6,],10:[24,10,5,],11:[31,11,10,5,],-0.00926097, -6.75462
12:[14,0,],14:[13,],15:[17,16,],-->12:[26,14,12,],13:[31,26,21,12,7,0,],14:[31,25,24,21,20,13,],15:[25,17,16,7,],-0.00892869, -6.80734
-30.1373

2:
4:[7,],-->0:[0,],2:[13,],3:[17,],4:[19,7,],6:[26,25,],7:[31,26,],8:[19,18,14,13,],11:[31,],12:[14,0,],14:[13,],15:[17,16,],0.0156209, -6.00038
0:[0,],2:[13,],3:[17,],-->0:[4,0,],2:[18,14,4,],3:[18,14,],0.0839949, -3.57355
4:[19,7,],6:[26,25,],7:[31,26,],-->4:[31,30,7,4,1,],5:[22,21,19,17,16,],6:[22,17,],7:[30,4,1,],0.00780592, -7.00122
8:[19,18,14,13,],11:[31,],-->8:[24,14,13,11,6,5,],9:[19,6,],10:[24,10,5,],11:[31,11,10,5,],-0.00926071, -6.75466
12:[14,0,],14:[13,],15:[17,16,],-->12:[26,14,12,],13:[31,26,21,12,7,0,],14:[31,25,24,21,20,13,],15:[25,17,16,7,],-0.00894074, -6.80539
-30.1352

3:
4:[7,],-->0:[0,],2:[13,],3:[17,],4:[19,7,],6:[26,25,],7:[31,26,],8:[19,18,14,13,],11:[31,],12:[14,0,],14:[13,],15:[17,16,],0.0156295, -5.99959
Multi time: 4860.75
0:[0,],2:[13,],3:[17,],-->0:[4,0,],2:[18,14,4,],3:[18,14,],0.0839746, -3.5739
4:[19,7,],6:[26,25,],7:[31,26,],-->4:[31,30,7,4,1,],5:[22,21,19,17,16,],6:[22,17,],7:[30,4,1,0,],0.00779827, -7.00263
8:[19,18,14,13,],11:[31,],-->8:[24,14,13,11,6,5,],9:[19,6,],10:[24,10,5,],11:[31,11,10,5,],-0.0092701, -6.7532
12:[14,0,],14:[13,],15:[17,16,],-->12:[26,14,12,],13:[31,26,21,12,7,0,],14:[31,25,24,21,20,13,],15:[25,17,16,7,],-0.00893094, -6.80697
-30.1363

4:
4:[7,],-->0:[0,],2:[13,],3:[17,],4:[19,7,],6:[26,25,],7:[31,26,],8:[19,18,14,13,],11:[31,],12:[14,0,],14:[13,],15:[17,16,],0.0156161, -6.00082
Multi time: 4801.5
0:[0,],2:[13,],3:[17,],-->0:[4,0,],2:[18,14,4,],3:[18,14,],0.0839865, -3.5737
4:[19,7,],6:[26,25,],7:[31,26,],-->4:[31,7,4,1,],5:[22,21,19,17,16,],6:[22,17,],7:[4,1,0,],-0.00782454, -6.99778
8:[19,18,14,13,],11:[31,],-->8:[24,14,13,11,6,5,],9:[19,6,],10:[24,10,5,],11:[31,11,10,5,],-0.00925523, -6.75552
12:[14,0,],14:[13,],15:[17,16,],-->12:[26,14,12,],13:[31,26,21,12,7,0,],14:[31,25,24,21,20,13,],15:[25,17,16,7,],-0.00894772, -6.80426
-30.1321

5:
4:[7,],-->0:[0,],2:[13,],3:[17,],4:[19,7,],6:[26,25,],7:[31,26,],8:[19,18,14,13,],11:[31,],12:[14,0,],14:[13,],15:[17,16,],0.015608, -6.00157
0:[0,],2:[13,],3:[17,],-->0:[4,0,],2:[18,14,4,],3:[18,14,],0.0839907, -3.57363
4:[19,7,],6:[26,25,],7:[31,26,],-->4:[31,30,7,4,1,],5:[22,21,19,17,16,],6:[22,17,],7:[30,4,1,],0.00779562, -7.00312
8:[19,18,14,13,],11:[31,],-->8:[24,18,14,13,11,6,5,],9:[19,18,6,],10:[24,10,5,],11:[31,11,10,5,],-0.00923792, -6.75822
12:[14,0,],14:[13,],15:[17,16,],-->12:[26,14,12,],13:[31,30,26,21,12,7,0,],14:[31,30,25,24,21,20,13,],15:[25,17,16,7,],0.0089393, -6.80562
-30.1422



6:
4:[7,],-->0:[0,],2:[13,],3:[17,],4:[19,7,],6:[26,25,],7:[31,26,],8:[19,18,14,13,],11:[31,],12:[14,0,],14:[13,],15:[17,16,],0.0156163, -6.0008
0:[0,],2:[13,],3:[17,],-->0:[4,0,],2:[18,14,4,],3:[18,14,],0.0839874, -3.57368
4:[19,7,],6:[26,25,],7:[31,26,],-->4:[7,4,1,],5:[22,21,19,18,],6:[22,17,16,],7:[31,4,1,0,],-0.00781096, -7.00028
8:[19,18,14,13,],11:[31,],-->8:[24,14,13,11,6,],9:[19,6,5,],10:[24,10,5,],11:[31,11,10,5,],-0.00924667, -6.75685
12:[14,0,],14:[13,],15:[17,16,],-->12:[26,14,12,],13:[31,26,21,12,7,0,],14:[31,25,24,21,20,13,],15:[25,17,16,7,],-0.00893328, -6.80659
-30.1382

7:
4:[7,],-->0:[0,],2:[13,],3:[17,],4:[19,7,],6:[26,25,],7:[31,26,],8:[19,18,14,13,],11:[31,],12:[14,0,],14:[13,],15:[17,16,],0.0156184, -6.00061
0:[0,],2:[13,],3:[17,],-->0:[4,0,],2:[18,14,13,4,],3:[18,14,13,],0.0839826, -3.57377
4:[19,7,],6:[26,25,],7:[31,26,],-->4:[7,4,1,],5:[22,21,19,18,],6:[22,17,16,],7:[31,4,1,],0.0078158, -6.99939
8:[19,18,14,13,],11:[31,],-->8:[24,14,13,11,6,],9:[19,6,5,],10:[24,10,5,],11:[31,11,10,5,],-0.00926832, -6.75348
12:[14,0,],14:[13,],15:[17,16,],-->12:[26,14,12,],13:[31,26,21,12,7,0,],14:[31,25,24,21,20,13,],15:[25,17,16,7,],-0.00895376, -6.80329
-30.1305

8:
4:[7,],-->0:[0,],2:[13,],3:[17,],4:[19,7,],6:[26,25,],7:[31,26,],8:[19,18,14,13,],11:[31,],12:[14,0,],14:[13,],15:[17,16,],0.0156146, -6.00096
0:[0,],2:[13,],3:[17,],-->0:[4,0,],2:[18,14,13,4,],3:[18,14,13,],0.0839914, -3.57361
4:[19,7,],6:[26,25,],7:[31,26,],-->4:[7,4,1,],5:[22,21,19,18,],6:[22,17,16,],7:[31,4,1,0,],-0.00782867, -6.99702
8:[19,18,14,13,],11:[31,],-->8:[24,14,13,11,6,],9:[19,6,5,],10:[24,10,5,],11:[31,11,10,5,],-0.00925801, -6.75508
12:[14,0,],14:[13,],15:[17,16,],-->12:[26,14,12,],13:[31,26,21,12,7,0,],14:[31,25,24,21,20,13,],15:[25,17,16,7,],-0.00893834, -6.80578
-30.1325

9:
4:[7,],-->0:[0,],2:[13,],3:[17,],4:[19,7,],6:[26,25,],7:[31,26,],8:[19,18,14,13,],11:[31,],12:[14,0,],14:[13,],15:[17,16,],0.0156249, -6.00001
0:[0,],2:[13,],3:[17,],-->0:[4,0,],2:[18,17,14,13,4,],3:[18,17,14,13,],0.0839904, -3.57363
4:[19,7,],6:[26,25,],7:[31,26,],-->4:[31,7,4,3,1,0,],5:[22,21,19,17,16,],6:[22,17,],7:[4,3,1,],0.00780431, -7.00151
8:[19,18,14,13,],11:[31,],-->8:[24,14,13,11,6,5,],9:[19,6,],10:[24,10,5,],11:[31,11,10,5,],-0.00925608, -6.75538
12:[14,0,],14:[13,],15:[17,16,],-->12:[26,14,12,11,],13:[31,26,21,12,11,7,0,],14:[31,25,24,21,20,13,],15:[25,17,16,7,],0.00894165, -6.80524
-30.1358

10:
4:[7,],-->0:[0,],2:[13,],3:[17,],4:[19,7,],6:[26,25,],7:[31,26,],8:[19,18,14,13,],11:[31,],12:[14,0,],14:[13,],15:[17,16,],0.0156309, -5.99945
0:[0,],2:[13,],3:[17,],-->0:[4,0,],2:[18,14,13,4,],3:[18,14,13,],0.0839747, -3.5739
4:[19,7,],6:[26,25,],7:[31,26,],-->4:[31,7,4,1,],5:[22,21,19,17,16,],6:[22,17,],7:[4,1,],-0.0078144, -6.99965
8:[19,18,14,13,],11:[31,],-->8:[24,14,13,11,6,5,],9:[19,6,],10:[24,10,5,],11:[31,11,10,5,],-0.0092693, -6.75332
12:[14,0,],14:[13,],15:[17,16,],-->12:[26,14,12,],13:[31,26,21,12,7,0,],14:[31,25,24,21,20,13,],15:[25,17,16,7,],-0.00894551, -6.80462
-30.13095

11:
4:[7,],-->0:[0,],2:[13,],3:[17,],4:[19,7,],6:[26,25,],7:[31,26,],8:[19,18,14,13,],11:[31,],12:[14,0,],14:[13,],15:[17,16,],0.0156301, -5.99953
0:[0,],2:[13,],3:[17,],-->0:[4,0,],2:[18,14,4,],3:[18,14,],0.084006, -3.57336
4:[19,7,],6:[26,25,],7:[31,26,],-->4:[31,30,7,4,1,],5:[22,21,19,17,16,],6:[22,17,],7:[30,4,1,],0.00780464, -7.00145
8:[19,18,14,13,],11:[31,],-->8:[24,18,14,13,11,6,],9:[19,18,6,5,],10:[24,10,5,],11:[31,11,10,5,],-0.00926246, -6.75439
12:[14,0,],14:[13,],15:[17,16,],-->12:[26,14,12,],13:[31,26,21,12,7,0,],14:[31,25,24,21,20,13,],15:[25,17,16,7,],-0.00894519, -6.80467
-30.13343

12:
4:[7,],-->0:[0,],2:[13,],3:[17,],4:[19,7,],6:[26,25,],7:[31,26,],8:[19,18,14,13,],11:[31,],12:[14,0,],14:[13,],15:[17,16,],0.0156185, -6.0006
0:[0,],2:[13,],3:[17,],-->0:[4,0,],2:[18,14,4,],3:[18,14,],0.0839797, -3.57382
4:[19,7,],6:[26,25,],7:[31,26,],-->4:[31,30,7,4,1,],5:[22,21,19,17,16,],6:[22,17,],7:[30,4,1,],0.00779002, -7.00416
8:[19,18,14,13,],11:[31,],-->8:[24,18,14,13,11,6,],9:[19,18,6,5,],10:[24,10,5,],11:[31,11,10,5,],-0.00925135, -6.75612
12:[14,0,],14:[13,],15:[17,16,],-->12:[26,14,12,],13:[31,30,26,21,12,7,0,],14:[31,30,25,24,21,20,13,],15:[25,17,16,7,],0.008931, -6.80696
-30.1407

13:
4:[7,],-->0:[0,],2:[13,],3:[17,],4:[19,7,],6:[26,25,],7:[31,26,],8:[19,18,14,13,],11:[31,],12:[14,0,],14:[13,],15:[17,16,],0.015626, -5.99991
0:[0,],2:[13,],3:[17,],-->0:[4,0,],2:[18,14,4,],3:[18,14,],0.0839914, -3.57361
4:[19,7,],6:[26,25,],7:[31,26,],-->4:[31,30,7,4,1,],5:[22,21,19,17,16,],6:[22,17,],7:[30,4,1,],0.00782028, -6.99856
8:[19,18,14,13,],11:[31,],-->8:[24,18,14,13,11,6,5,],9:[19,18,6,],10:[24,10,5,],11:[31,11,10,5,],-0.00925921, -6.7549
12:[14,0,],14:[13,],15:[17,16,],-->12:[26,14,12,],13:[31,26,21,12,7,0,],14:[31,25,24,21,20,13,],15:[25,17,16,7,],-0.00894844, -6.80415
-30.13111

14:
4:[7,],-->0:[0,],2:[13,],3:[17,],4:[19,7,],6:[26,25,],7:[31,26,],8:[19,18,14,13,],11:[31,],12:[14,0,],14:[13,],15:[17,16,],0.0156167, -6.00076
0:[0,],2:[13,],3:[17,],-->0:[4,0,],2:[18,14,4,],3:[18,14,],0.0839762, -3.57388
4:[19,7,],6:[26,25,],7:[31,26,],-->4:[31,30,7,4,1,],5:[22,21,19,17,16,],6:[22,17,],7:[30,4,1,],0.00781754, -6.99907
8:[19,18,14,13,],11:[31,],-->8:[24,18,14,13,11,6,],9:[19,18,6,5,],10:[24,10,5,],11:[31,11,10,5,],-0.00926967, -6.75327
12:[14,0,],14:[13,],15:[17,16,],-->12:[26,14,12,],13:[31,26,21,20,12,7,0,],14:[31,25,24,21,13,],15:[25,17,16,7,],-0.00894843, -6.80415
-30.13116

15:
4:[7,],-->0:[0,],2:[13,],3:[17,],4:[19,7,],6:[26,25,],7:[31,26,],8:[19,18,14,13,],11:[31,],12:[14,0,],14:[13,],15:[17,16,],0.0156179, -6.00065
0:[0,],2:[13,],3:[17,],-->0:[4,0,],2:[18,14,4,],3:[18,14,],0.0839979, -3.5735
4:[19,7,],6:[26,25,],7:[31,26,],-->4:[31,30,7,4,1,],5:[22,21,19,17,16,],6:[22,17,],7:[30,4,1,],0.00780889, -7.00067
8:[19,18,14,13,],11:[31,],-->8:[24,14,13,11,6,],9:[19,6,5,],10:[24,10,5,],11:[31,11,10,5,],-0.0092676, -6.75359
12:[14,0,],14:[13,],15:[17,16,],-->12:[26,14,12,],13:[31,26,21,12,7,0,],14:[31,25,24,21,20,13,],15:[25,17,16,7,],-0.00893915, -6.80565
-30.13405

16:
4:[7,],-->0:[0,],2:[13,],3:[17,],4:[19,7,],6:[26,25,],7:[31,26,],8:[19,18,14,13,],11:[31,],12:[14,0,],14:[13,],15:[17,16,],0.0156239, -6.0001
0:[0,],2:[13,],3:[17,],-->0:[4,0,],2:[18,14,4,],3:[18,14,],0.0839997, -3.57347
4:[19,7,],6:[26,25,],7:[31,26,],-->4:[31,30,7,4,1,],5:[22,21,19,17,16,],6:[22,17,],7:[30,4,1,0,],0.0078018, -7.00198
8:[19,18,14,13,],11:[31,],-->8:[24,18,14,13,11,6,],9:[19,18,6,5,],10:[24,10,5,],11:[31,11,10,5,],-0.00925544, -6.75548
12:[14,0,],14:[13,],15:[17,16,],-->12:[26,14,12,],13:[31,26,21,12,7,0,],14:[31,25,24,21,20,13,],15:[25,17,16,7,],-0.00894388, -6.80488
-30.1359



