Chacha 2DL(R1->R3) experimental COR: 1:[1,],5:[4,8,16,28,],9:[9,21,29,],13:[9,29,],-->
0: [0], -0.131449, -2.92742
0: [1], -2.23592e-05, -15.4488
0: [2], -4.00413e-05, -14.6082
0: [3], 0.00137324, -9.5082
0: [4], 0.0225346, -5.47172
0: [5], 1.75834e-05, -15.7954
0: [6], 9.51812e-07, -20.0028
0: [7], 0.00211578, -8.8846
0: [8], 0.0369384, -4.75874
0: [9], 1.77715e-05, -15.7801
0: [10], 0.00119399, -9.70999
0: [11], 0.0339507, -4.88042
0: [12], 0.132689, -2.91388
0: [13], 2.11503e-05, -15.529
0: [14], 2.12584e-05, -15.5216
0: [15], 0.00585109, -7.41708
0: [16], 0.0432848, -4.53
0: [17], 1.61454e-05, -15.9185
0: [18], 0.000194177, -12.3303
0: [19], 0.0145902, -6.09886
0: [20], 0.113957, -3.13344
0: [21], -8.5514e-06, -16.8354
0: [22], -4.72963e-05, -14.3679
0: [23], 0.0113231, -6.46459
0: [24], 0.065451, -3.93344
0: [25], 5.71832e-06, -17.416
0: [26], -1.84532e-05, -15.7258
0: [27], 0.00312921, -8.31999
0: [28], 0.0320932, -4.96159
0: [29], 4.89466e-05, -14.3184
0: [30], 0.000247184, -11.9821
0: [31], 0.011099, -6.49343
1: [0], -1.44001e-05, -16.0836
1: [1], 9.24319e-05, -13.4012
1: [2], 2.07089e-05, -15.5594
1: [3], 0.00724332, -7.10913
1: [4], 2.6077e-07, -21.8707
1: [5], 0.000188056, -12.3765
1: [6], 0.00536075, -7.54335
1: [7], -0.029025, -5.10656
1: [8], 8.25152e-07, -20.2088
1: [9], -5.22193e-05, -14.2251
1: [10], 3.11062e-06, -18.2944
1: [11], 0.000364436, -11.422
1: [12], -2.62521e-05, -15.2172
1: [13], 4.71417e-05, -14.3726
1: [14], 0.00261378, -8.57965
1: [15], 0.0190983, -5.71041
1: [16], -6.4984e-05, -13.9096
1: [17], -0.000174075, -12.488
1: [18], 2.43895e-05, -15.3234
1: [19], -0.0141865, -6.13933
1: [20], 2.65613e-05, -15.2003
1: [21], 6.98194e-05, -13.806
1: [22], -7.02031e-06, -17.12
1: [23], 0.00202895, -8.94505
1: [24], 2.20723e-05, -15.4674
1: [25], -0.000127569, -12.9364
1: [26], -2.08598e-05, -15.5489
1: [27], -0.00352222, -8.1493
1: [28], -4.11402e-05, -14.5691
1: [29], -0.000194181, -12.3303
1: [30], -5.72763e-06, -17.4136
1: [31], -3.14061e-05, -14.9586
2: [0], -0.173627, -2.52594
2: [1], 3.97526e-05, -14.6186
2: [2], 6.3777e-05, -13.9366
2: [3], 0.00362122, -8.10931
2: [4], -0.0318155, -4.97413
2: [5], -3.43025e-05, -14.8313
2: [6], 1.27219e-06, -19.5843
2: [7], 0.00420173, -7.8948
2: [8], -0.0445839, -4.48733
2: [9], 8.46423e-05, -13.5283
2: [10], 0.00184322, -9.08356
2: [11], 0.0261133, -5.25907
2: [12], 0.106855, -3.22627
2: [13], 4.71808e-06, -17.6934
2: [14], -3.85884e-05, -14.6615
2: [15], 0.000548033, -10.8334
2: [16], 0.0120496, -6.37487
2: [17], -3.37455e-05, -14.8549
2: [18], 0.00714131, -7.1296
2: [19], 0.0602284, -4.05341
2: [20], -0.18185, -2.45918
2: [21], 1.34967e-05, -16.177
2: [22], -3.92422e-05, -14.6372
2: [23], 0.00922446, -6.76032
2: [24], -0.0541326, -4.20736
2: [25], -3.2058e-05, -14.929
2: [26], -2.87984e-05, -15.0837
2: [27], 0.000853062, -10.1951
2: [28], 0.0183933, -5.76468
2: [29], -1.32062e-06, -19.5304
2: [30], 0.00301008, -8.37598
2: [31], 0.0347795, -4.84562
3: [0], 0.0588703, -4.08632
3: [1], -5.35082e-05, -14.1899
3: [2], 0.000463381, -11.0755
3: [3], 0.0196077, -5.67244
3: [4], 0.0991129, -3.33478
3: [5], -4.74732e-05, -14.3625
3: [6], 3.69865e-05, -14.7226
3: [7], 0.0033846, -8.2068
3: [8], 0.0311789, -5.00328
3: [9], -7.01658e-06, -17.1208
3: [10], 1.69482e-05, -15.8485
3: [11], 0.00689588, -7.18005
3: [12], -0.0465043, -4.42649
3: [13], 2.83122e-05, -15.1082
3: [14], 0.0210304, -5.57138
3: [15], 0.11658, -3.10061
3: [16], 0.279572, -1.83871
3: [17], -2.34321e-05, -15.3812
3: [18], 6.80052e-06, -17.1659
3: [19], 0.000839787, -10.2177
3: [20], 0.0136335, -6.1967
3: [21], 8.29622e-06, -16.8791
3: [22], -1.9256e-05, -15.6643
3: [23], 0.00445665, -7.80982
3: [24], 0.0395603, -4.6598
3: [25], -2.02525e-05, -15.5915
3: [26], 0.00620001, -7.33351
3: [27], 0.0621756, -4.00751
3: [28], -0.182469, -2.45428
3: [29], -2.76975e-05, -15.1399
3: [30], 8.46386e-06, -16.8503
3: [31], 0.00338285, -8.20755
4: [0], 1.44728e-06, -19.3982
4: [1], -9.66899e-06, -16.6582
4: [2], -2.32402e-05, -15.393
4: [3], -0.00248519, -8.65243
4: [4], 3.37828e-05, -14.8534
4: [5], 1.41673e-05, -16.1071
4: [6], -4.65475e-06, -17.7129
4: [7], 0.00165825, -9.23612
4: [8], -3.10428e-05, -14.9754
4: [9], -1.68327e-05, -15.8584
4: [10], -1.39195e-05, -16.1325
4: [11], 0.000109, -13.1634
4: [12], -1.00937e-05, -16.5962
4: [13], -2.24952e-05, -15.44
4: [14], 5.42216e-05, -14.1708
4: [15], -0.00367311, -8.08878
4: [16], 1.97049e-05, -15.6311
4: [17], 2.45683e-05, -15.3128
4: [18], 4.82351e-05, -14.3396
4: [19], 0.000588311, -10.7311
4: [20], -1.53109e-05, -15.9951
4: [21], 1.43889e-05, -16.0847
4: [22], -1.86358e-05, -15.7116
4: [23], 0.000571102, -10.774
4: [24], 2.46875e-05, -15.3059
4: [25], -1.41636e-05, -16.1075
4: [26], 5.83343e-05, -14.0653
4: [27], -0.00340242, -8.19922
4: [28], 3.36524e-05, -14.8589
4: [29], -4.13507e-06, -17.8837
4: [30], -3.87449e-05, -14.6556
4: [31], 0.00025739, -11.9238
5: [0], -1.20811e-05, -16.3369
5: [1], -1.75349e-05, -15.7994
5: [2], 1.49235e-05, -16.0321
5: [3], 2.91858e-05, -15.0644
5: [4], 9.0152e-07, -20.0811
5: [5], -1.39438e-05, -16.13
5: [6], -1.14366e-06, -19.7379
5: [7], -4.88944e-05, -14.32
5: [8], 3.82774e-06, -17.9951
5: [9], 5.38714e-05, -14.1801
5: [10], -4.65624e-05, -14.3905
5: [11], -2.35029e-05, -15.3768
5: [12], 2.62167e-05, -15.2192
5: [13], -2.84985e-05, -15.0988
5: [14], 6.86329e-05, -13.8307
5: [15], -1.58045e-05, -15.9493
5: [16], 2.17427e-05, -15.4891
5: [17], 4.15742e-05, -14.554
5: [18], 2.02656e-06, -18.9125
5: [19], -3.88678e-05, -14.6511
5: [20], -1.69948e-05, -15.8445
5: [21], 4.24758e-05, -14.523
5: [22], 1.8958e-05, -15.6868
5: [23], -1.40071e-06, -19.4454
5: [24], -1.59927e-05, -15.9322
5: [25], 1.66893e-06, -19.1926
5: [26], 2.34228e-05, -15.3817
5: [27], -1.57561e-05, -15.9537
5: [28], -4.8181e-05, -14.3412
5: [29], 5.09974e-05, -14.2592
5: [30], 5.65872e-05, -14.1092
5: [31], 2.13515e-05, -15.5153
6: [0], 6.14114e-06, -17.3131
6: [1], 1.51377e-05, -16.0115
6: [2], 5.56093e-05, -14.1343
6: [3], -0.00175988, -9.15031
6: [4], 3.48054e-05, -14.8103
6: [5], 2.64365e-05, -15.2071
6: [6], 9.9279e-06, -16.6201
6: [7], -0.00208418, -8.9063
6: [8], -4.23938e-06, -17.8477
6: [9], 1.63335e-05, -15.9018
6: [10], 1.43088e-05, -16.0927
6: [11], -4.05796e-05, -14.5889
6: [12], -1.86544e-05, -15.7101
6: [13], -9.91113e-06, -16.6225
6: [14], 0.000121079, -13.0118
6: [15], 0.00431808, -7.85539
6: [16], 1.61529e-05, -15.9179
6: [17], 6.23986e-06, -17.2901
6: [18], -3.0119e-06, -18.3409
6: [19], -0.000410529, -11.2502
6: [20], 6.84895e-06, -17.1557
6: [21], 1.89971e-05, -15.6839
6: [22], -4.11831e-06, -17.8895
6: [23], 0.000375153, -11.3802
6: [24], 1.95503e-05, -15.6424
6: [25], 2.57771e-05, -15.2435
6: [26], 0.000275366, -11.8264
6: [27], -0.00601517, -7.37718
6: [28], 2.65613e-06, -18.5222
6: [29], 6.95381e-05, -13.8118
6: [30], 9.03383e-06, -16.7562
6: [31], 0.00011597, -13.074
7: [0], -3.18754e-05, -14.9372
7: [1], -5.6386e-05, -14.1143
7: [2], -2.4084e-06, -18.6635
7: [3], -7.39284e-05, -13.7235
7: [4], 5.22286e-06, -17.5467
7: [5], 2.75299e-05, -15.1486
7: [6], 4.66015e-05, -14.3893
7: [7], 0.00149007, -9.3904
7: [8], 5.25843e-05, -14.215
7: [9], -6.37025e-07, -20.5821
7: [10], 0.000207482, -12.2347
7: [11], 0.00559052, -7.4828
7: [12], -1.61231e-05, -15.9205
7: [13], -3.26633e-05, -14.902
7: [14], -4.36921e-05, -14.4823
7: [15], 4.63594e-05, -14.3968
7: [16], 1.83843e-06, -19.0531
7: [17], 5.3592e-05, -14.1876
7: [18], 0.000215381, -12.1808
7: [19], -0.00908681, -6.78201
7: [20], 3.91398e-05, -14.641
7: [21], -7.83745e-05, -13.6393
7: [22], 3.18699e-06, -18.2594
7: [23], 0.000816964, -10.2574
7: [24], -1.188e-05, -16.3611
7: [25], 1.28765e-05, -16.2449
7: [26], 3.02866e-05, -15.011
7: [27], 0.000147177, -12.7302
7: [28], -4.53424e-05, -14.4288
7: [29], 2.21264e-05, -15.4639
7: [30], 0.000786453, -10.3124
7: [31], 0.0146584, -6.09213
8: [0], 0.00723332, -7.11113
8: [1], -2.35066e-06, -18.6985
8: [2], 4.25614e-06, -17.842
8: [3], 6.00554e-05, -14.0233
8: [4], 0.00135945, -9.52276
8: [5], -2.68258e-05, -15.186
8: [6], 4.92483e-06, -17.6315
8: [7], 0.00130882, -9.57752
8: [8], 0.020416, -5.61416
8: [9], -3.73963e-05, -14.7067
8: [10], -5.53764e-06, -17.4623
8: [11], 1.27945e-05, -16.2541
8: [12], -0.00114161, -9.77471
8: [13], 3.03946e-05, -15.0058
8: [14], -3.14601e-05, -14.9561
8: [15], 9.46876e-05, -13.3665
8: [16], -0.00421159, -7.89142
8: [17], 5.28265e-05, -14.2084
8: [18], 3.33991e-05, -14.8698
8: [19], 0.000299616, -11.7046
8: [20], 0.00705017, -7.14813
8: [21], -1.52737e-07, -22.6424
8: [22], -2.44752e-06, -18.6403
8: [23], 1.66614e-05, -15.8731
8: [24], 0.00134017, -9.54337
8: [25], -1.3005e-05, -16.2306
8: [26], 4.19468e-06, -17.863
8: [27], 0.000364164, -11.4231
8: [28], -0.0149733, -6.06146
8: [29], 1.52737e-06, -19.3205
8: [30], 9.85153e-06, -16.6312
8: [31], 2.56039e-05, -15.2533
9: [0], 1.19265e-05, -16.3555
9: [1], -4.51431e-05, -14.4351
9: [2], -1.32546e-05, -16.2031
9: [3], 0.00018638, -12.3895
9: [4], -1.15205e-05, -16.4054
9: [5], -4.58639e-05, -14.4123
9: [6], -2.57101e-05, -15.2473
9: [7], -2.33985e-05, -15.3832
9: [8], 7.1181e-05, -13.7781
9: [9], -5.6196e-06, -17.4411
9: [10], -2.10423e-05, -15.5363
9: [11], 0.000137454, -12.8288
9: [12], 4.26322e-05, -14.5177
9: [13], 1.08983e-05, -16.4855
9: [14], 1.88164e-05, -15.6976
9: [15], 0.000219757, -12.1518
9: [16], -1.13454e-05, -16.4275
9: [17], -1.11666e-05, -16.4505
9: [18], -9.12882e-06, -16.7411
9: [19], -1.2666e-06, -19.5906
9: [20], 1.25282e-05, -16.2845
9: [21], 1.20997e-05, -16.3347
9: [22], -7.31219e-05, -13.7393
9: [23], 0.000171868, -12.5064
9: [24], 5.66673e-05, -14.1071
9: [25], 2.14949e-06, -18.8276
9: [26], -4.5104e-05, -14.4364
9: [27], -0.000186423, -12.3891
9: [28], -6.56508e-05, -13.8948
9: [29], 4.00282e-05, -14.6086
9: [30], 2.7474e-06, -18.4735
9: [31], -2.17706e-05, -15.4873
10: [0], -0.00859356, -6.86253
10: [1], 1.58325e-06, -19.2687
10: [2], 2.30353e-05, -15.4058
10: [3], -1.38599e-05, -16.1387
10: [4], -0.000552604, -10.8215
10: [5], 1.37556e-05, -16.1496
10: [6], 5.59129e-05, -14.1265
10: [7], 0.00223641, -8.8046
10: [8], -0.0231634, -5.43201
10: [9], -4.41931e-05, -14.4658
10: [10], -6.89179e-08, -23.7905
10: [11], -1.80881e-05, -15.7546
10: [12], 0.00113387, -9.78453
10: [13], -2.81595e-05, -15.116
10: [14], 5.34952e-06, -17.5122
10: [15], 0.000101199, -13.2705
10: [16], -0.00478313, -7.70783
10: [17], -1.75573e-05, -15.7976
10: [18], -7.29878e-05, -13.742
10: [19], 0.000525447, -10.8942
10: [20], 0.0107684, -6.53705
10: [21], -9.77889e-06, -16.6419
10: [22], -1.44374e-05, -16.0798
10: [23], -4.74844e-05, -14.3622
10: [24], 0.000670273, -10.543
10: [25], -1.74809e-05, -15.8039
10: [26], 3.20356e-05, -14.93
10: [27], 0.0010676, -9.87141
10: [28], -0.0167375, -5.90077
10: [29], -9.43989e-06, -16.6928
10: [30], -4.15742e-06, -17.8759
10: [31], 0.000101609, -13.2647
11: [0], 0.0148418, -6.07419
11: [1], -3.36617e-05, -14.8585
11: [2], -4.93936e-05, -14.3053
11: [3], 0.00105668, -9.88625
11: [4], 0.0139555, -6.16302
11: [5], -8.0429e-06, -16.9239
11: [6], -4.32767e-05, -14.4961
11: [7], -2.2294e-05, -15.453
11: [8], 0.00054317, -10.8463
11: [9], -2.09622e-05, -15.5418
11: [10], 3.02326e-05, -15.0135
11: [11], 0.00171079, -9.19112
11: [12], -0.0234143, -5.41646
11: [13], -2.90927e-05, -15.069
11: [14], 1.71345e-05, -15.8327
11: [15], 2.98657e-05, -15.0312
11: [16], 0.00140235, -9.47794
11: [17], 2.24281e-05, -15.4443
11: [18], 9.25362e-06, -16.7216
11: [19], 5.00232e-05, -14.287
11: [20], 0.00251959, -8.63259
11: [21], 2.45366e-05, -15.3147
11: [22], 0.000267701, -11.8671
11: [23], 0.0110563, -6.49898
11: [24], 0.068362, -3.87066
11: [25], 2.20221e-05, -15.4707
11: [26], 9.83104e-06, -16.6342
11: [27], 1.04103e-05, -16.5516
11: [28], -0.000179797, -12.4413
11: [29], 6.63474e-06, -17.2015
11: [30], -1.19004e-05, -16.3586
11: [31], 0.000309534, -11.6576
12: [0], -0.014068, -6.15144
12: [1], 2.14856e-05, -15.5063
12: [2], 5.27948e-05, -14.2092
12: [3], 0.000572961, -10.7693
12: [4], -0.013744, -6.18506
12: [5], -9.913e-06, -16.6222
12: [6], 3.63346e-05, -14.7483
12: [7], 0.00346165, -8.17432
12: [8], 0.0661126, -3.91893
12: [9], -5.47078e-05, -14.1579
12: [10], -2.78465e-05, -15.1321
12: [11], 0.000216931, -12.1705
12: [12], -0.00811766, -6.94472
12: [13], -2.70251e-05, -15.1753
12: [14], 3.64818e-05, -14.7425
12: [15], 0.00143988, -9.43984
12: [16], 0.0297475, -5.07109
12: [17], -1.74344e-06, -19.1296
12: [18], 1.22525e-05, -16.3166
12: [19], 0.00180621, -9.11282
12: [20], 0.0258493, -5.27373
12: [21], -9.96888e-06, -16.6141
12: [22], 1.48173e-05, -16.0424
12: [23], 0.00176387, -9.14704
12: [24], -0.0319477, -4.96815
12: [25], -3.78452e-05, -14.6895
12: [26], 2.40318e-05, -15.3447
12: [27], 0.00467234, -7.74164
12: [28], 0.0579398, -4.1093
12: [29], 1.97943e-05, -15.6246
12: [30], -2.64496e-06, -18.5283
12: [31], 0.000250755, -11.9614
13: [0], 5.95488e-06, -17.3575
13: [1], 4.20958e-06, -17.8579
13: [2], -1.71978e-05, -15.8274
13: [3], 0.00097644, -10.0002
13: [4], 2.2104e-05, -15.4653
13: [5], 7.44946e-05, -13.7125
13: [6], 1.09021e-05, -16.485
13: [7], 5.7349e-05, -14.0899
13: [8], 2.05822e-06, -18.8902
13: [9], 2.99364e-05, -15.0277
13: [10], -2.10479e-05, -15.536
13: [11], 0.00232119, -8.75092
13: [12], -4.68101e-05, -14.3828
13: [13], -2.08989e-05, -15.5462
13: [14], 0.00107985, -9.85496
13: [15], 0.00858747, -6.86355
13: [16], -1.02818e-05, -16.5695
13: [17], -2.85767e-05, -15.0948
13: [18], -2.24039e-05, -15.4459
13: [19], 0.000206437, -12.242
13: [20], -3.85568e-07, -21.3065
13: [21], -2.94913e-05, -15.0494
13: [22], -2.6891e-05, -15.1825
13: [23], 0.00110999, -9.81524
13: [24], 9.71183e-06, -16.6518
13: [25], 3.79477e-05, -14.6856
13: [26], -2.50991e-05, -15.282
13: [27], 0.000851266, -10.1981
13: [28], 5.56074e-05, -14.1344
13: [29], 1.06432e-05, -16.5197
13: [30], -6.30468e-05, -13.9532
13: [31], 0.000863547, -10.1774
14: [0], -0.0217626, -5.52201
14: [1], 4.0479e-05, -14.5925
14: [2], -3.0661e-05, -14.9932
14: [3], 0.000205563, -12.2481
14: [4], -0.00854766, -6.87025
14: [5], -1.56406e-05, -15.9643
14: [6], 0.000177557, -12.4594
14: [7], 0.00636789, -7.29497
14: [8], 0.0683529, -3.87085
14: [9], 6.48219e-05, -13.9132
14: [10], 4.91794e-05, -14.3116
14: [11], 0.000315852, -11.6285
14: [12], -0.00863571, -6.85547
14: [13], -6.81356e-05, -13.8412
14: [14], 1.51191e-05, -16.0133
14: [15], 0.00339944, -8.20049
14: [16], 0.0395566, -4.65994
14: [17], 6.45388e-05, -13.9195
14: [18], 1.29268e-06, -19.5612
14: [19], 0.00486682, -7.6828
14: [20], 0.0425525, -4.55461
14: [21], -1.76672e-05, -15.7886
14: [22], -2.85357e-06, -18.4188
14: [23], 0.000103315, -13.2407
14: [24], -0.0058685, -7.41279
14: [25], 2.40542e-05, -15.3434
14: [26], 0.00157487, -9.31055
14: [27], 0.0247303, -5.33758
14: [28], 0.104947, -3.25226
14: [29], -1.592e-05, -15.9388
14: [30], 6.47828e-06, -17.236
14: [31], 0.00174153, -9.16543
15: [0], 0.0354034, -4.81997
15: [1], 4.27589e-05, -14.5134
15: [2], 2.42703e-05, -15.3305
15: [3], 0.0026577, -8.5556
15: [4], 0.0279079, -5.16318
15: [5], -1.04737e-05, -16.5429
15: [6], -4.58416e-05, -14.413
15: [7], 0.000723351, -10.433
15: [8], 0.0227792, -5.45614
15: [9], -2.12938e-05, -15.5192
15: [10], 0.000120789, -13.0152
15: [11], 0.0131839, -6.24508
15: [12], 0.0818108, -3.61157
15: [13], 4.01437e-05, -14.6045
15: [14], -2.75299e-06, -18.4706
15: [15], 0.000169149, -12.5294
15: [16], 0.00487163, -7.68138
15: [17], -6.43265e-05, -13.9242
15: [18], -1.13342e-05, -16.429
15: [19], 0.0036832, -8.08482
15: [20], 0.0330454, -4.91941
15: [21], -1.51601e-05, -16.0094
15: [22], 0.00131904, -9.5663
15: [23], 0.0324561, -4.94537
15: [24], 0.186022, -2.42645
15: [25], 4.84288e-08, -24.2996
15: [26], 7.45151e-05, -13.7121
15: [27], 5.78258e-05, -14.0779
15: [28], 0.002496, -8.64616
15: [29], -3.36841e-05, -14.8576
15: [30], -8.11443e-05, -13.5892
15: [31], 0.00261557, -8.57866
Multi time: 4592.5