(1,0,0,0,)=([0,],[],[],[],)->([],[13,],[45,32,],[],)->([53,52,45,44,32,2,],[30,],[62,],[53,52,2,],)=(30300100000004,40000000,4000000000000000,30000000000004,), Prob:2
(2,0,0,0,)=([1,],[],[],[],)->([],[14,13,],[46,45,33,32,],[],)->([54,46,33,3,],[31,30,],[63,62,],[54,3,],)=(40400200000008,c0000000,c000000000000000,40000000000008,), Prob:3
(4,0,0,0,)=([2,],[],[],[],)->([],[15,],[47,34,33,],[],)->([55,47,46,34,4,],[32,],[0,],[55,4,],)=(80c00400000010,100000000,1,80000000000010,), Prob:3
(8,0,0,0,)=([3,],[],[],[],)->([],[16,],[48,35,34,],[],)->([56,48,35,5,4,],[33,],[1,],[56,5,4,],)=(101000800000030,200000000,2,100000000000030,), Prob:3
(10,0,0,0,)=([4,],[],[],[],)->([],[17,],[49,36,35,],[],)->([57,49,48,36,6,],[34,],[2,],[57,6,],)=(203001000000040,400000000,4,200000000000040,), Prob:3
(20,0,0,0,)=([5,],[],[],[],)->([],[18,17,],[50,49,37,],[],)->([58,50,37,36,7,],[35,34,],[3,2,],[58,7,],)=(404003000000080,c00000000,c,400000000000080,), Prob:3
(40,0,0,0,)=([6,],[],[],[],)->([],[19,],[51,38,37,],[],)->([59,51,38,8,7,],[36,],[4,],[59,8,7,],)=(808004000000180,1000000000,10,800000000000180,), Prob:3
(80,0,0,0,)=([7,],[],[],[],)->([],[20,],[52,39,38,],[],)->([60,52,51,39,9,],[37,],[5,],[60,9,],)=(1018008000000200,2000000000,20,1000000000000200,), Prob:3
(100,0,0,0,)=([8,],[],[],[],)->([],[21,],[53,40,39,],[],)->([61,53,40,10,9,],[38,],[6,],[61,10,9,],)=(2020010000000600,4000000000,40,2000000000000600,), Prob:3
(200,0,0,0,)=([9,],[],[],[],)->([],[22,],[54,41,40,],[],)->([62,54,41,11,10,],[39,],[7,],[62,11,10,],)=(4040020000000c00,8000000000,80,4000000000000c00,), Prob:3
(400,0,0,0,)=([10,],[],[],[],)->([],[23,],[55,42,41,],[],)->([63,55,42,12,11,],[40,],[8,],[63,12,11,],)=(8080040000001800,10000000000,100,8000000000001800,), Prob:3
(800,0,0,0,)=([11,],[],[],[],)->([],[24,],[56,43,42,],[],)->([56,55,43,13,0,],[41,],[9,],[13,0,],)=(180080000002001,20000000000,200,2001,), Prob:3
(1000,0,0,0,)=([12,],[],[],[],)->([],[25,24,],[57,56,44,],[],)->([57,44,43,14,1,],[42,41,],[10,9,],[14,1,],)=(200180000004002,60000000000,600,4002,), Prob:3
(2000,0,0,0,)=([13,],[],[],[],)->([],[26,25,],[58,57,45,],[],)->([58,45,15,2,1,],[43,42,],[11,10,],[15,2,1,],)=(400200000008006,c0000000000,c00,8006,), Prob:3
(4000,0,0,0,)=([14,],[],[],[],)->([],[27,],[59,46,45,],[],)->([59,46,16,15,3,],[44,],[12,],[16,15,3,],)=(800400000018008,100000000000,1000,18008,), Prob:3
(8000,0,0,0,)=([15,],[],[],[],)->([],[28,27,],[60,59,47,],[],)->([60,47,17,4,3,],[45,44,],[13,12,],[17,4,3,],)=(1000800000020018,300000000000,3000,20018,), Prob:3
(10000,0,0,0,)=([16,],[],[],[],)->([],[29,28,],[61,60,48,],[],)->([61,48,18,5,4,],[46,45,],[14,13,],[18,5,4,],)=(2001000000040030,600000000000,6000,40030,), Prob:3
(20000,0,0,0,)=([17,],[],[],[],)->([],[30,],[62,49,48,],[],)->([62,49,19,18,6,],[47,],[15,],[19,18,6,],)=(40020000000c0040,800000000000,8000,c0040,), Prob:3
(40000,0,0,0,)=([18,],[],[],[],)->([],[31,],[63,50,49,],[],)->([63,50,20,19,7,],[48,],[16,],[20,19,7,],)=(8004000000180080,1000000000000,10000,180080,), Prob:3
(80000,0,0,0,)=([19,],[],[],[],)->([],[32,],[51,50,0,],[],)->([51,21,8,0,],[49,],[17,],[21,8,],)=(8000000200101,2000000000000,20000,200100,), Prob:2
(100000,0,0,0,)=([20,],[],[],[],)->([],[33,],[52,51,1,],[],)->([52,22,9,1,],[50,],[18,],[22,9,],)=(10000000400202,4000000000000,40000,400200,), Prob:3
(200000,0,0,0,)=([21,],[],[],[],)->([],[34,],[53,52,2,],[],)->([53,23,22,10,2,],[51,],[19,],[23,22,10,],)=(20000000c00404,8000000000000,80000,c00400,), Prob:3
(400000,0,0,0,)=([22,],[],[],[],)->([],[35,],[54,53,3,],[],)->([54,24,23,11,3,],[52,],[20,],[24,23,11,],)=(40000001800808,10000000000000,100000,1800800,), Prob:3
(800000,0,0,0,)=([23,],[],[],[],)->([],[36,],[55,54,4,],[],)->([55,25,24,12,4,],[53,],[21,],[25,24,12,],)=(80000003001010,20000000000000,200000,3001000,), Prob:3
(1000000,0,0,0,)=([24,],[],[],[],)->([],[37,],[56,55,5,],[],)->([56,26,13,5,4,],[54,],[22,],[26,13,],)=(100000004002030,40000000000000,400000,4002000,), Prob:3
(2000000,0,0,0,)=([25,],[],[],[],)->([],[38,],[57,56,6,],[],)->([57,27,26,14,6,],[55,],[23,],[27,26,14,],)=(20000000c004040,80000000000000,800000,c004000,), Prob:3
(4000000,0,0,0,)=([26,],[],[],[],)->([],[39,38,],[58,7,6,],[],)->([58,28,15,14,7,],[56,55,],[24,23,],[28,15,14,],)=(40000001000c080,180000000000000,1800000,1000c000,), Prob:3
(8000000,0,0,0,)=([27,],[],[],[],)->([],[40,],[59,58,8,],[],)->([59,29,28,16,8,],[57,],[25,],[29,28,16,],)=(800000030010100,200000000000000,2000000,30010000,), Prob:3
(10000000,0,0,0,)=([28,],[],[],[],)->([],[41,],[60,59,9,],[],)->([60,30,17,9,8,],[58,],[26,],[30,17,],)=(1000000040020300,400000000000000,4000000,40020000,), Prob:3
(20000000,0,0,0,)=([29,],[],[],[],)->([],[42,],[61,60,10,],[],)->([61,31,30,18,10,],[59,],[27,],[31,30,18,],)=(20000000c0040400,800000000000000,8000000,c0040000,), Prob:3
(40000000,0,0,0,)=([30,],[],[],[],)->([],[43,],[62,61,11,],[],)->([62,32,31,19,11,],[60,],[28,],[32,31,19,],)=(4000000180080800,1000000000000000,10000000,180080000,), Prob:3
(80000000,0,0,0,)=([31,],[],[],[],)->([],[44,],[63,62,12,],[],)->([63,33,32,20,12,],[61,],[29,],[33,32,20,],)=(8000000300101000,2000000000000000,20000000,300100000,), Prob:3
(100000000,0,0,0,)=([32,],[],[],[],)->([],[45,44,],[13,12,0,],[],)->([34,21,13,0,],[62,61,],[30,29,],[34,21,],)=(400202001,6000000000000000,60000000,400200000,), Prob:2
(200000000,0,0,0,)=([33,],[],[],[],)->([],[46,],[14,1,0,],[],)->([35,22,14,13,1,],[63,],[31,],[35,22,],)=(800406002,8000000000000000,80000000,800400000,), Prob:3
(400000000,0,0,0,)=([34,],[],[],[],)->([],[47,],[15,2,1,],[],)->([36,35,23,15,2,],[0,],[32,],[36,35,23,],)=(1800808004,1,100000000,1800800000,), Prob:3
(800000000,0,0,0,)=([35,],[],[],[],)->([],[48,],[16,3,2,],[],)->([37,24,16,15,3,],[1,],[33,],[37,24,],)=(2001018008,2,200000000,2001000000,), Prob:3
(1000000000,0,0,0,)=([36,],[],[],[],)->([],[49,],[17,4,3,],[],)->([38,37,25,17,4,],[2,],[34,],[38,37,25,],)=(6002020010,4,400000000,6002000000,), Prob:3
(2000000000,0,0,0,)=([37,],[],[],[],)->([],[50,],[18,5,4,],[],)->([39,38,26,18,5,],[3,],[35,],[39,38,26,],)=(c004040020,8,800000000,c004000000,), Prob:3
(4000000000,0,0,0,)=([38,],[],[],[],)->([],[51,],[19,6,5,],[],)->([40,39,27,19,6,],[4,],[36,],[40,39,27,],)=(18008080040,10,1000000000,18008000000,), Prob:3
(8000000000,0,0,0,)=([39,],[],[],[],)->([],[52,],[20,7,6,],[],)->([41,40,28,20,7,],[5,],[37,],[41,40,28,],)=(30010100080,20,2000000000,30010000000,), Prob:3
(10000000000,0,0,0,)=([40,],[],[],[],)->([],[53,],[21,8,7,],[],)->([42,41,29,21,8,],[6,],[38,],[42,41,29,],)=(60020200100,40,4000000000,60020000000,), Prob:3
(20000000000,0,0,0,)=([41,],[],[],[],)->([],[54,],[22,9,8,],[],)->([43,42,30,22,9,],[7,],[39,],[43,42,30,],)=(c0040400200,80,8000000000,c0040000000,), Prob:3
(40000000000,0,0,0,)=([42,],[],[],[],)->([],[55,],[23,10,9,],[],)->([44,43,31,23,10,],[8,],[40,],[44,43,31,],)=(180080800400,100,10000000000,180080000000,), Prob:3
(80000000000,0,0,0,)=([43,],[],[],[],)->([],[56,],[24,11,10,],[],)->([45,44,32,24,11,],[9,],[41,],[45,44,32,],)=(300101000800,200,20000000000,300100000000,), Prob:3
(100000000000,0,0,0,)=([44,],[],[],[],)->([],[57,],[25,12,11,],[],)->([46,45,33,25,12,],[10,],[42,],[46,45,33,],)=(600202001000,400,40000000000,600200000000,), Prob:3
(200000000000,0,0,0,)=([45,],[],[],[],)->([],[58,],[26,13,12,],[],)->([47,46,34,26,13,],[11,],[43,],[47,46,34,],)=(c00404002000,800,80000000000,c00400000000,), Prob:3
(400000000000,0,0,0,)=([46,],[],[],[],)->([],[59,],[27,14,13,],[],)->([48,47,35,27,14,],[12,],[44,],[48,47,35,],)=(1800808004000,1000,100000000000,1800800000000,), Prob:3
(800000000000,0,0,0,)=([47,],[],[],[],)->([],[60,],[28,15,14,],[],)->([49,48,36,28,15,],[13,],[45,],[49,48,36,],)=(3001010008000,2000,200000000000,3001000000000,), Prob:3
(1000000000000,0,0,0,)=([48,],[],[],[],)->([],[61,],[29,16,15,],[],)->([50,49,37,29,16,],[14,],[46,],[50,49,37,],)=(6002020010000,4000,400000000000,6002000000000,), Prob:3
(2000000000000,0,0,0,)=([49,],[],[],[],)->([],[62,],[30,17,16,],[],)->([51,50,38,30,17,],[15,],[47,],[51,50,38,],)=(c004040020000,8000,800000000000,c004000000000,), Prob:3
(4000000000000,0,0,0,)=([50,],[],[],[],)->([],[63,],[31,18,17,],[],)->([52,51,39,31,18,],[16,],[48,],[52,51,39,],)=(18008080040000,10000,1000000000000,18008000000000,), Prob:3
(8000000000000,0,0,0,)=([51,],[],[],[],)->([],[0,],[32,19,18,],[],)->([53,52,40,32,19,],[17,],[49,],[53,52,40,],)=(30010100080000,20000,2000000000000,30010000000000,), Prob:3
(10000000000000,0,0,0,)=([52,],[],[],[],)->([],[1,0,],[33,32,20,],[],)->([54,41,33,20,19,],[18,17,],[50,49,],[54,41,],)=(40020200180000,60000,6000000000000,40020000000000,), Prob:3
(20000000000000,0,0,0,)=([53,],[],[],[],)->([],[2,1,],[34,33,21,],[],)->([55,42,34,21,20,],[19,18,],[51,50,],[55,42,],)=(80040400300000,c0000,c000000000000,80040000000000,), Prob:3
(40000000000000,0,0,0,)=([54,],[],[],[],)->([],[3,],[35,22,21,],[],)->([56,43,35,34,22,],[20,],[52,],[56,43,],)=(100080c00400000,100000,10000000000000,100080000000000,), Prob:3
(80000000000000,0,0,0,)=([55,],[],[],[],)->([],[4,3,],[36,35,23,],[],)->([57,44,36,23,22,],[21,20,],[53,52,],[57,44,],)=(200101000c00000,300000,30000000000000,200100000000000,), Prob:3
(100000000000000,0,0,0,)=([56,],[],[],[],)->([],[5,4,],[37,36,24,],[],)->([58,45,37,24,23,],[22,21,],[54,53,],[58,45,],)=(400202001800000,600000,60000000000000,400200000000000,), Prob:3
(200000000000000,0,0,0,)=([57,],[],[],[],)->([],[6,5,],[38,37,25,],[],)->([59,46,38,25,24,],[23,22,],[55,54,],[59,46,],)=(800404003000000,c00000,c0000000000000,800400000000000,), Prob:3
(400000000000000,0,0,0,)=([58,],[],[],[],)->([],[7,6,],[39,38,26,],[],)->([60,47,39,26,25,],[24,23,],[56,55,],[60,47,],)=(1000808006000000,1800000,180000000000000,1000800000000000,), Prob:3
(800000000000000,0,0,0,)=([59,],[],[],[],)->([],[8,7,],[40,39,27,],[],)->([61,48,40,27,26,],[25,24,],[57,56,],[61,48,],)=(200101000c000000,3000000,300000000000000,2001000000000000,), Prob:3
(1000000000000000,0,0,0,)=([60,],[],[],[],)->([],[9,8,],[41,40,28,],[],)->([62,49,41,28,27,],[26,25,],[58,57,],[62,49,],)=(4002020018000000,6000000,600000000000000,4002000000000000,), Prob:3
(2000000000000000,0,0,0,)=([61,],[],[],[],)->([],[10,9,],[42,41,29,],[],)->([63,50,42,29,28,],[27,26,],[59,58,],[63,50,],)=(8004040030000000,c000000,c00000000000000,8004000000000000,), Prob:3
(4000000000000000,0,0,0,)=([62,],[],[],[],)->([],[11,10,],[43,42,30,],[],)->([51,43,30,29,0,],[28,27,],[60,59,],[51,0,],)=(8080060000001,18000000,1800000000000000,8000000000001,), Prob:3
(8000000000000000,0,0,0,)=([63,],[],[],[],)->([],[12,11,],[44,43,31,],[],)->([52,44,31,30,1,],[29,28,],[61,60,],[52,1,],)=(101000c0000002,30000000,3000000000000000,10000000000002,), Prob:3
(3,0,0,0,)=([1,0,],[],[],[],)->([],[14,13,],[46,45,33,32,],[],)->([54,46,33,3,],[31,30,],[63,62,],[54,3,],)=(40400200000008,c0000000,c000000000000000,40000000000008,), Prob:3
(6,0,0,0,)=([2,1,],[],[],[],)->([],[15,14,],[47,46,34,33,],[],)->([55,47,34,4,],[32,31,],[63,0,],[55,4,],)=(80800400000010,180000000,8000000000000001,80000000000010,), Prob:3
(c,0,0,0,)=([3,2,],[],[],[],)->([],[16,15,],[48,47,35,34,],[],)->([56,48,35,5,],[33,32,],[1,0,],[56,5,],)=(101000800000020,300000000,3,100000000000020,), Prob:3
(18,0,0,0,)=([4,3,],[],[],[],)->([],[17,16,],[49,48,36,35,],[],)->([57,49,36,6,],[34,33,],[2,1,],[57,6,],)=(202001000000040,600000000,6,200000000000040,), Prob:3
(30,0,0,0,)=([5,4,],[],[],[],)->([],[18,17,],[50,49,37,36,],[],)->([58,50,37,7,],[35,34,],[3,2,],[58,7,],)=(404002000000080,c00000000,c,400000000000080,), Prob:3
(60,0,0,0,)=([6,5,],[],[],[],)->([],[19,18,],[51,50,38,37,],[],)->([59,51,38,8,],[36,35,],[4,3,],[59,8,],)=(808004000000100,1800000000,18,800000000000100,), Prob:3
(c0,0,0,0,)=([7,6,],[],[],[],)->([],[20,19,],[52,51,39,38,],[],)->([60,52,39,9,],[37,36,],[5,4,],[60,9,],)=(1010008000000200,3000000000,30,1000000000000200,), Prob:3
(180,0,0,0,)=([8,7,],[],[],[],)->([],[21,20,],[53,52,40,39,],[],)->([61,53,40,10,],[38,37,],[6,5,],[61,10,],)=(2020010000000400,6000000000,60,2000000000000400,), Prob:3
(300,0,0,0,)=([9,8,],[],[],[],)->([],[22,21,],[54,53,41,40,],[],)->([62,54,41,11,],[39,38,],[7,6,],[62,11,],)=(4040020000000800,c000000000,c0,4000000000000800,), Prob:3
(600,0,0,0,)=([10,9,],[],[],[],)->([],[23,22,],[55,54,42,41,],[],)->([63,55,42,12,],[40,39,],[8,7,],[63,12,],)=(8080040000001000,18000000000,180,8000000000001000,), Prob:3
(c00,0,0,0,)=([11,10,],[],[],[],)->([],[24,23,],[56,55,43,42,],[],)->([56,43,13,0,],[41,40,],[9,8,],[13,0,],)=(100080000002001,30000000000,300,2001,), Prob:3
(1800,0,0,0,)=([12,11,],[],[],[],)->([],[25,24,],[57,56,44,43,],[],)->([57,44,14,1,],[42,41,],[10,9,],[14,1,],)=(200100000004002,60000000000,600,4002,), Prob:3
(3000,0,0,0,)=([13,12,],[],[],[],)->([],[26,25,],[58,57,45,44,],[],)->([58,45,15,2,],[43,42,],[11,10,],[15,2,],)=(400200000008004,c0000000000,c00,8004,), Prob:3
(6000,0,0,0,)=([14,13,],[],[],[],)->([],[27,26,],[59,58,46,45,],[],)->([59,46,16,3,],[44,43,],[12,11,],[16,3,],)=(800400000010008,180000000000,1800,10008,), Prob:3
(c000,0,0,0,)=([15,14,],[],[],[],)->([],[28,27,],[60,59,47,46,],[],)->([60,47,17,4,],[45,44,],[13,12,],[17,4,],)=(1000800000020010,300000000000,3000,20010,), Prob:3
(18000,0,0,0,)=([16,15,],[],[],[],)->([],[29,28,],[61,60,48,47,],[],)->([61,48,18,5,],[46,45,],[14,13,],[18,5,],)=(2001000000040020,600000000000,6000,40020,), Prob:3
(30000,0,0,0,)=([17,16,],[],[],[],)->([],[30,29,],[62,61,49,48,],[],)->([62,49,19,6,],[47,46,],[15,14,],[19,6,],)=(4002000000080040,c00000000000,c000,80040,), Prob:3
(60000,0,0,0,)=([18,17,],[],[],[],)->([],[31,30,],[63,62,50,49,],[],)->([63,50,20,7,],[48,47,],[16,15,],[20,7,],)=(8004000000100080,1800000000000,18000,100080,), Prob:3
(c0000,0,0,0,)=([19,18,],[],[],[],)->([],[32,],[51,0,],[],)->([51,21,8,7,0,],[49,],[17,],[21,8,7,],)=(8000000200181,2000000000000,20000,200180,), Prob:2
(180000,0,0,0,)=([20,19,],[],[],[],)->([],[33,32,],[52,51,1,0,],[],)->([52,22,9,1,],[50,49,],[18,17,],[22,9,],)=(10000000400202,6000000000000,60000,400200,), Prob:3
(300000,0,0,0,)=([21,20,],[],[],[],)->([],[34,33,],[53,52,2,1,],[],)->([53,23,10,2,],[51,50,],[19,18,],[23,10,],)=(20000000800404,c000000000000,c0000,800400,), Prob:3
(600000,0,0,0,)=([22,21,],[],[],[],)->([],[35,34,],[54,53,3,2,],[],)->([54,24,11,3,],[52,51,],[20,19,],[24,11,],)=(40000001000808,18000000000000,180000,1000800,), Prob:3
(c00000,0,0,0,)=([23,22,],[],[],[],)->([],[36,35,],[55,54,4,3,],[],)->([55,25,12,4,],[53,52,],[21,20,],[25,12,],)=(80000002001010,30000000000000,300000,2001000,), Prob:3
(1800000,0,0,0,)=([24,23,],[],[],[],)->([],[37,36,],[56,55,5,4,],[],)->([56,26,13,5,],[54,53,],[22,21,],[26,13,],)=(100000004002020,60000000000000,600000,4002000,), Prob:3
(3000000,0,0,0,)=([25,24,],[],[],[],)->([],[38,37,],[57,56,6,5,],[],)->([57,27,14,6,],[55,54,],[23,22,],[27,14,],)=(200000008004040,c0000000000000,c00000,8004000,), Prob:3
(6000000,0,0,0,)=([26,25,],[],[],[],)->([],[39,38,],[58,57,7,6,],[],)->([58,28,15,7,],[56,55,],[24,23,],[28,15,],)=(400000010008080,180000000000000,1800000,10008000,), Prob:3
(c000000,0,0,0,)=([27,26,],[],[],[],)->([],[40,39,],[59,58,8,7,],[],)->([59,29,16,8,],[57,56,],[25,24,],[29,16,],)=(800000020010100,300000000000000,3000000,20010000,), Prob:3
(18000000,0,0,0,)=([28,27,],[],[],[],)->([],[41,],[60,9,],[],)->([60,59,30,17,9,8,],[58,],[26,],[30,17,],)=(1800000040020300,400000000000000,4000000,40020000,), Prob:3
(30000000,0,0,0,)=([29,28,],[],[],[],)->([],[42,],[61,10,],[],)->([61,31,30,18,17,10,],[59,],[27,],[31,30,18,17,],)=(20000000c0060400,800000000000000,8000000,c0060000,), Prob:3
(60000000,0,0,0,)=([30,29,],[],[],[],)->([],[43,],[62,11,],[],)->([62,61,32,31,19,11,],[60,],[28,],[32,31,19,],)=(6000000180080800,1000000000000000,10000000,180080000,), Prob:3
(c0000000,0,0,0,)=([31,30,],[],[],[],)->([],[44,],[63,12,],[],)->([63,33,32,20,19,12,],[61,],[29,],[33,32,20,19,],)=(8000000300181000,2000000000000000,20000000,300180000,), Prob:3
(180000000,0,0,0,)=([32,31,],[],[],[],)->([],[45,],[13,0,],[],)->([34,33,21,13,0,],[62,],[30,],[34,33,21,],)=(600202001,4000000000000000,40000000,600200000,), Prob:2
(300000000,0,0,0,)=([33,32,],[],[],[],)->([],[46,],[14,1,],[],)->([35,22,14,13,1,],[63,],[31,],[35,22,],)=(800406002,8000000000000000,80000000,800400000,), Prob:3
(600000000,0,0,0,)=([34,33,],[],[],[],)->([],[47,],[15,2,],[],)->([36,35,23,15,2,1,],[0,],[32,],[36,35,23,],)=(1800808006,1,100000000,1800800000,), Prob:3
(c00000000,0,0,0,)=([35,34,],[],[],[],)->([],[48,],[16,3,],[],)->([37,24,16,15,3,2,],[1,],[33,],[37,24,],)=(200101800c,2,200000000,2001000000,), Prob:3
(1800000000,0,0,0,)=([36,35,],[],[],[],)->([],[49,],[17,4,],[],)->([38,37,25,17,4,3,],[2,],[34,],[38,37,25,],)=(6002020018,4,400000000,6002000000,), Prob:3
(3000000000,0,0,0,)=([37,36,],[],[],[],)->([],[50,],[18,5,],[],)->([39,38,26,18,5,4,],[3,],[35,],[39,38,26,],)=(c004040030,8,800000000,c004000000,), Prob:3
(6000000000,0,0,0,)=([38,37,],[],[],[],)->([],[51,],[19,6,],[],)->([40,39,27,19,6,5,],[4,],[36,],[40,39,27,],)=(18008080060,10,1000000000,18008000000,), Prob:3
(c000000000,0,0,0,)=([39,38,],[],[],[],)->([],[52,],[20,7,],[],)->([41,40,28,20,7,6,],[5,],[37,],[41,40,28,],)=(300101000c0,20,2000000000,30010000000,), Prob:3
(18000000000,0,0,0,)=([40,39,],[],[],[],)->([],[53,],[21,8,],[],)->([42,41,29,21,8,7,],[6,],[38,],[42,41,29,],)=(60020200180,40,4000000000,60020000000,), Prob:3
(30000000000,0,0,0,)=([41,40,],[],[],[],)->([],[54,],[22,9,],[],)->([43,42,30,29,22,9,],[7,],[39,],[43,42,30,29,],)=(c0060400200,80,8000000000,c0060000000,), Prob:3
(60000000000,0,0,0,)=([42,41,],[],[],[],)->([],[55,],[23,10,],[],)->([44,43,31,23,10,9,],[8,],[40,],[44,43,31,],)=(180080800600,100,10000000000,180080000000,), Prob:3
(c0000000000,0,0,0,)=([43,42,],[],[],[],)->([],[56,],[24,11,],[],)->([45,44,32,24,11,10,],[9,],[41,],[45,44,32,],)=(300101000c00,200,20000000000,300100000000,), Prob:3
(180000000000,0,0,0,)=([44,43,],[],[],[],)->([],[57,],[25,12,],[],)->([46,45,33,25,12,11,],[10,],[42,],[46,45,33,],)=(600202001800,400,40000000000,600200000000,), Prob:3
(300000000000,0,0,0,)=([45,44,],[],[],[],)->([],[58,],[26,13,],[],)->([47,46,34,26,13,12,],[11,],[43,],[47,46,34,],)=(c00404003000,800,80000000000,c00400000000,), Prob:3
(600000000000,0,0,0,)=([46,45,],[],[],[],)->([],[59,],[27,14,],[],)->([48,47,35,34,27,14,],[12,],[44,],[48,47,35,34,],)=(1800c08004000,1000,100000000000,1800c00000000,), Prob:3
(c00000000000,0,0,0,)=([47,46,],[],[],[],)->([],[60,],[28,15,],[],)->([49,48,36,28,15,14,],[13,],[45,],[49,48,36,],)=(300101000c000,2000,200000000000,3001000000000,), Prob:3
(1800000000000,0,0,0,)=([48,47,],[],[],[],)->([],[61,],[29,16,],[],)->([50,49,37,36,29,16,],[14,],[46,],[50,49,37,36,],)=(6003020010000,4000,400000000000,6003000000000,), Prob:3
(3000000000000,0,0,0,)=([49,48,],[],[],[],)->([],[62,],[30,17,],[],)->([51,50,38,30,17,16,],[15,],[47,],[51,50,38,],)=(c004040030000,8000,800000000000,c004000000000,), Prob:3
(6000000000000,0,0,0,)=([50,49,],[],[],[],)->([],[63,],[31,18,],[],)->([52,51,39,31,18,17,],[16,],[48,],[52,51,39,],)=(18008080060000,10000,1000000000000,18008000000000,), Prob:3
(c000000000000,0,0,0,)=([51,50,],[],[],[],)->([],[0,],[32,19,],[],)->([53,52,40,32,19,18,],[17,],[49,],[53,52,40,],)=(300101000c0000,20000,2000000000000,30010000000000,), Prob:3
(18000000000000,0,0,0,)=([52,51,],[],[],[],)->([],[1,0,],[33,32,20,19,],[],)->([54,41,33,20,],[18,17,],[50,49,],[54,41,],)=(40020200100000,60000,6000000000000,40020000000000,), Prob:3
(30000000000000,0,0,0,)=([53,52,],[],[],[],)->([],[2,1,],[34,33,21,20,],[],)->([55,42,34,21,],[19,18,],[51,50,],[55,42,],)=(80040400200000,c0000,c000000000000,80040000000000,), Prob:3
(60000000000000,0,0,0,)=([54,53,],[],[],[],)->([],[3,2,],[35,34,22,21,],[],)->([56,43,35,22,],[20,19,],[52,51,],[56,43,],)=(100080800400000,180000,18000000000000,100080000000000,), Prob:3
(c0000000000000,0,0,0,)=([55,54,],[],[],[],)->([],[4,3,],[36,35,23,22,],[],)->([57,44,36,23,],[21,20,],[53,52,],[57,44,],)=(200101000800000,300000,30000000000000,200100000000000,), Prob:3
(180000000000000,0,0,0,)=([56,55,],[],[],[],)->([],[5,4,],[37,36,24,23,],[],)->([58,45,37,24,],[22,21,],[54,53,],[58,45,],)=(400202001000000,600000,60000000000000,400200000000000,), Prob:3
(300000000000000,0,0,0,)=([57,56,],[],[],[],)->([],[6,5,],[38,37,25,24,],[],)->([59,46,38,25,],[23,22,],[55,54,],[59,46,],)=(800404002000000,c00000,c0000000000000,800400000000000,), Prob:3
(600000000000000,0,0,0,)=([58,57,],[],[],[],)->([],[7,6,],[39,38,26,25,],[],)->([60,47,39,26,],[24,23,],[56,55,],[60,47,],)=(1000808004000000,1800000,180000000000000,1000800000000000,), Prob:3
(c00000000000000,0,0,0,)=([59,58,],[],[],[],)->([],[8,7,],[40,39,27,26,],[],)->([61,48,40,27,],[25,24,],[57,56,],[61,48,],)=(2001010008000000,3000000,300000000000000,2001000000000000,), Prob:3
(1800000000000000,0,0,0,)=([60,59,],[],[],[],)->([],[9,8,],[41,40,28,27,],[],)->([62,49,41,28,],[26,25,],[58,57,],[62,49,],)=(4002020010000000,6000000,600000000000000,4002000000000000,), Prob:3
(3000000000000000,0,0,0,)=([61,60,],[],[],[],)->([],[10,9,],[42,41,29,28,],[],)->([63,50,42,29,],[27,26,],[59,58,],[63,50,],)=(8004040020000000,c000000,c00000000000000,8004000000000000,), Prob:3
(6000000000000000,0,0,0,)=([62,61,],[],[],[],)->([],[11,10,],[43,42,30,29,],[],)->([51,43,30,0,],[28,27,],[60,59,],[51,0,],)=(8080040000001,18000000,1800000000000000,8000000000001,), Prob:3
(c000000000000000,0,0,0,)=([63,62,],[],[],[],)->([],[12,11,],[44,43,31,30,],[],)->([52,44,31,1,],[29,28,],[61,60,],[52,1,],)=(10100080000002,30000000,3000000000000000,10000000000002,), Prob:3
(0,1,0,0,)=([],[0,],[],[],)->([],[13,],[45,],[],)->([45,44,2,],[30,],[62,],[2,],)=(300000000004,40000000,4000000000000000,4,), Prob:1
(0,2,0,0,)=([],[1,],[],[],)->([],[14,],[46,],[],)->([46,3,2,],[31,],[63,],[3,2,],)=(40000000000c,80000000,8000000000000000,c,), Prob:1
(0,4,0,0,)=([],[2,],[],[],)->([],[15,],[47,],[],)->([47,4,3,],[32,],[0,],[4,3,],)=(800000000018,100000000,1,18,), Prob:1
(0,8,0,0,)=([],[3,],[],[],)->([],[16,],[48,],[],)->([48,47,5,],[33,],[1,],[5,],)=(1800000000020,200000000,2,20,), Prob:1
(0,10,0,0,)=([],[4,],[],[],)->([],[17,],[49,],[],)->([49,6,5,],[34,],[2,],[6,5,],)=(2000000000060,400000000,4,60,), Prob:1
(0,20,0,0,)=([],[5,],[],[],)->([],[18,],[50,],[],)->([50,49,7,],[35,],[3,],[7,],)=(6000000000080,800000000,8,80,), Prob:1
(0,40,0,0,)=([],[6,],[],[],)->([],[19,],[51,],[],)->([51,8,7,],[36,],[4,],[8,7,],)=(8000000000180,1000000000,10,180,), Prob:1
(0,80,0,0,)=([],[7,],[],[],)->([],[20,],[52,],[],)->([52,9,8,],[37,],[5,],[9,8,],)=(10000000000300,2000000000,20,300,), Prob:1
(0,100,0,0,)=([],[8,],[],[],)->([],[21,],[53,],[],)->([53,10,9,],[38,],[6,],[10,9,],)=(20000000000600,4000000000,40,600,), Prob:1
(0,200,0,0,)=([],[9,],[],[],)->([],[22,],[54,],[],)->([54,11,10,],[39,],[7,],[11,10,],)=(40000000000c00,8000000000,80,c00,), Prob:1
(0,400,0,0,)=([],[10,],[],[],)->([],[23,],[55,],[],)->([55,54,12,],[40,],[8,],[12,],)=(c0000000001000,10000000000,100,1000,), Prob:1
(0,800,0,0,)=([],[11,],[],[],)->([],[24,],[56,],[],)->([56,55,13,],[41,],[9,],[13,],)=(180000000002000,20000000000,200,2000,), Prob:1
(0,1000,0,0,)=([],[12,],[],[],)->([],[25,],[57,],[],)->([57,14,13,],[42,],[10,],[14,13,],)=(200000000006000,40000000000,400,6000,), Prob:1
(0,2000,0,0,)=([],[13,],[],[],)->([],[26,],[58,],[],)->([58,15,14,],[43,],[11,],[15,14,],)=(40000000000c000,80000000000,800,c000,), Prob:1
(0,4000,0,0,)=([],[14,],[],[],)->([],[27,],[59,],[],)->([59,16,15,],[44,],[12,],[16,15,],)=(800000000018000,100000000000,1000,18000,), Prob:1
(0,8000,0,0,)=([],[15,],[],[],)->([],[28,],[60,],[],)->([60,59,17,],[45,],[13,],[17,],)=(1800000000020000,200000000000,2000,20000,), Prob:1
(0,10000,0,0,)=([],[16,],[],[],)->([],[29,],[61,],[],)->([61,60,18,],[46,],[14,],[18,],)=(3000000000040000,400000000000,4000,40000,), Prob:1
(0,20000,0,0,)=([],[17,],[],[],)->([],[30,],[62,],[],)->([62,19,18,],[47,],[15,],[19,18,],)=(40000000000c0000,800000000000,8000,c0000,), Prob:1
(0,40000,0,0,)=([],[18,],[],[],)->([],[31,],[63,],[],)->([63,20,19,],[48,],[16,],[20,19,],)=(8000000000180000,1000000000000,10000,180000,), Prob:1
(0,80000,0,0,)=([],[19,],[],[],)->([],[32,],[0,],[],)->([21,0,],[49,],[17,],[21,],)=(200001,2000000000000,20000,200000,), Prob:0
(0,100000,0,0,)=([],[20,],[],[],)->([],[33,],[1,],[],)->([22,1,],[50,],[18,],[22,],)=(400002,4000000000000,40000,400000,), Prob:1
(0,200000,0,0,)=([],[21,],[],[],)->([],[34,],[2,],[],)->([23,22,2,],[51,],[19,],[23,22,],)=(c00004,8000000000000,80000,c00000,), Prob:1
(0,400000,0,0,)=([],[22,],[],[],)->([],[35,],[3,],[],)->([24,23,3,],[52,],[20,],[24,23,],)=(1800008,10000000000000,100000,1800000,), Prob:1
(0,800000,0,0,)=([],[23,],[],[],)->([],[36,],[4,],[],)->([25,24,4,],[53,],[21,],[25,24,],)=(3000010,20000000000000,200000,3000000,), Prob:1
(0,1000000,0,0,)=([],[24,],[],[],)->([],[37,],[5,],[],)->([26,25,5,],[54,],[22,],[26,25,],)=(6000020,40000000000000,400000,6000000,), Prob:1
(0,2000000,0,0,)=([],[25,],[],[],)->([],[38,],[6,],[],)->([27,26,6,],[55,],[23,],[27,26,],)=(c000040,80000000000000,800000,c000000,), Prob:1
(0,4000000,0,0,)=([],[26,],[],[],)->([],[39,],[7,],[],)->([28,27,7,],[56,],[24,],[28,27,],)=(18000080,100000000000000,1000000,18000000,), Prob:1
(0,8000000,0,0,)=([],[27,],[],[],)->([],[40,],[8,],[],)->([29,28,8,],[57,],[25,],[29,28,],)=(30000100,200000000000000,2000000,30000000,), Prob:1
(0,10000000,0,0,)=([],[28,],[],[],)->([],[41,],[9,],[],)->([30,9,8,],[58,],[26,],[30,],)=(40000300,400000000000000,4000000,40000000,), Prob:1
(0,20000000,0,0,)=([],[29,],[],[],)->([],[42,],[10,],[],)->([31,30,10,],[59,],[27,],[31,30,],)=(c0000400,800000000000000,8000000,c0000000,), Prob:1
(0,40000000,0,0,)=([],[30,],[],[],)->([],[43,],[11,],[],)->([32,31,11,],[60,],[28,],[32,31,],)=(180000800,1000000000000000,10000000,180000000,), Prob:1
(0,80000000,0,0,)=([],[31,],[],[],)->([],[44,],[12,],[],)->([33,32,12,],[61,],[29,],[33,32,],)=(300001000,2000000000000000,20000000,300000000,), Prob:1
(0,100000000,0,0,)=([],[32,],[],[],)->([],[45,],[13,],[],)->([34,33,13,],[62,],[30,],[34,33,],)=(600002000,4000000000000000,40000000,600000000,), Prob:1
(0,200000000,0,0,)=([],[33,],[],[],)->([],[46,],[14,],[],)->([35,14,13,],[63,],[31,],[35,],)=(800006000,8000000000000000,80000000,800000000,), Prob:1
(0,400000000,0,0,)=([],[34,],[],[],)->([],[47,],[15,],[],)->([36,35,15,],[0,],[32,],[36,35,],)=(1800008000,1,100000000,1800000000,), Prob:1
(0,800000000,0,0,)=([],[35,],[],[],)->([],[48,],[16,],[],)->([37,16,15,],[1,],[33,],[37,],)=(2000018000,2,200000000,2000000000,), Prob:1
(0,1000000000,0,0,)=([],[36,],[],[],)->([],[49,],[17,],[],)->([38,37,17,],[2,],[34,],[38,37,],)=(6000020000,4,400000000,6000000000,), Prob:1
(0,2000000000,0,0,)=([],[37,],[],[],)->([],[50,],[18,],[],)->([39,38,18,],[3,],[35,],[39,38,],)=(c000040000,8,800000000,c000000000,), Prob:1
(0,4000000000,0,0,)=([],[38,],[],[],)->([],[51,],[19,],[],)->([40,39,19,],[4,],[36,],[40,39,],)=(18000080000,10,1000000000,18000000000,), Prob:1
(0,8000000000,0,0,)=([],[39,],[],[],)->([],[52,],[20,],[],)->([41,40,20,],[5,],[37,],[41,40,],)=(30000100000,20,2000000000,30000000000,), Prob:1
(0,10000000000,0,0,)=([],[40,],[],[],)->([],[53,],[21,],[],)->([42,41,21,],[6,],[38,],[42,41,],)=(60000200000,40,4000000000,60000000000,), Prob:1
(0,20000000000,0,0,)=([],[41,],[],[],)->([],[54,],[22,],[],)->([43,42,22,],[7,],[39,],[43,42,],)=(c0000400000,80,8000000000,c0000000000,), Prob:1
(0,40000000000,0,0,)=([],[42,],[],[],)->([],[55,],[23,],[],)->([44,43,23,],[8,],[40,],[44,43,],)=(180000800000,100,10000000000,180000000000,), Prob:1
(0,80000000000,0,0,)=([],[43,],[],[],)->([],[56,],[24,],[],)->([45,44,24,],[9,],[41,],[45,44,],)=(300001000000,200,20000000000,300000000000,), Prob:1
(0,100000000000,0,0,)=([],[44,],[],[],)->([],[57,],[25,],[],)->([46,45,25,],[10,],[42,],[46,45,],)=(600002000000,400,40000000000,600000000000,), Prob:1
(0,200000000000,0,0,)=([],[45,],[],[],)->([],[58,],[26,],[],)->([47,46,26,],[11,],[43,],[47,46,],)=(c00004000000,800,80000000000,c00000000000,), Prob:1
(0,400000000000,0,0,)=([],[46,],[],[],)->([],[59,],[27,],[],)->([48,47,27,],[12,],[44,],[48,47,],)=(1800008000000,1000,100000000000,1800000000000,), Prob:1
(0,800000000000,0,0,)=([],[47,],[],[],)->([],[60,],[28,],[],)->([49,48,28,],[13,],[45,],[49,48,],)=(3000010000000,2000,200000000000,3000000000000,), Prob:1
(0,1000000000000,0,0,)=([],[48,],[],[],)->([],[61,],[29,],[],)->([50,49,29,],[14,],[46,],[50,49,],)=(6000020000000,4000,400000000000,6000000000000,), Prob:1
(0,2000000000000,0,0,)=([],[49,],[],[],)->([],[62,],[30,],[],)->([51,50,30,],[15,],[47,],[51,50,],)=(c000040000000,8000,800000000000,c000000000000,), Prob:1
(0,4000000000000,0,0,)=([],[50,],[],[],)->([],[63,],[31,],[],)->([52,51,31,],[16,],[48,],[52,51,],)=(18000080000000,10000,1000000000000,18000000000000,), Prob:1
(0,8000000000000,0,0,)=([],[51,],[],[],)->([],[0,],[32,],[],)->([53,52,32,],[17,],[49,],[53,52,],)=(30000100000000,20000,2000000000000,30000000000000,), Prob:1
(0,10000000000000,0,0,)=([],[52,],[],[],)->([],[1,],[33,],[],)->([54,33,32,],[18,],[50,],[54,],)=(40000300000000,40000,4000000000000,40000000000000,), Prob:1
(0,20000000000000,0,0,)=([],[53,],[],[],)->([],[2,],[34,],[],)->([55,34,33,],[19,],[51,],[55,],)=(80000600000000,80000,8000000000000,80000000000000,), Prob:1
(0,40000000000000,0,0,)=([],[54,],[],[],)->([],[3,],[35,],[],)->([56,35,34,],[20,],[52,],[56,],)=(100000c00000000,100000,10000000000000,100000000000000,), Prob:1
(0,80000000000000,0,0,)=([],[55,],[],[],)->([],[4,],[36,],[],)->([57,36,35,],[21,],[53,],[57,],)=(200001800000000,200000,20000000000000,200000000000000,), Prob:1
(0,100000000000000,0,0,)=([],[56,],[],[],)->([],[5,],[37,],[],)->([58,37,36,],[22,],[54,],[58,],)=(400003000000000,400000,40000000000000,400000000000000,), Prob:1
(0,200000000000000,0,0,)=([],[57,],[],[],)->([],[6,],[38,],[],)->([59,38,37,],[23,],[55,],[59,],)=(800006000000000,800000,80000000000000,800000000000000,), Prob:1
(0,400000000000000,0,0,)=([],[58,],[],[],)->([],[7,],[39,],[],)->([60,39,38,],[24,],[56,],[60,],)=(100000c000000000,1000000,100000000000000,1000000000000000,), Prob:1
(0,800000000000000,0,0,)=([],[59,],[],[],)->([],[8,],[40,],[],)->([61,40,39,],[25,],[57,],[61,],)=(2000018000000000,2000000,200000000000000,2000000000000000,), Prob:1
(0,1000000000000000,0,0,)=([],[60,],[],[],)->([],[9,],[41,],[],)->([62,41,40,],[26,],[58,],[62,],)=(4000030000000000,4000000,400000000000000,4000000000000000,), Prob:1
(0,2000000000000000,0,0,)=([],[61,],[],[],)->([],[10,],[42,],[],)->([63,42,41,],[27,],[59,],[63,],)=(8000060000000000,8000000,800000000000000,8000000000000000,), Prob:1
(0,4000000000000000,0,0,)=([],[62,],[],[],)->([],[11,],[43,],[],)->([43,42,0,],[28,],[60,],[0,],)=(c0000000001,10000000,1000000000000000,1,), Prob:1
(0,8000000000000000,0,0,)=([],[63,],[],[],)->([],[12,],[44,],[],)->([44,43,1,],[29,],[61,],[1,],)=(180000000002,20000000,2000000000000000,2,), Prob:1
(0,3,0,0,)=([],[1,0,],[],[],)->([],[14,13,],[46,45,],[],)->([46,3,],[31,30,],[63,62,],[3,],)=(400000000008,c0000000,c000000000000000,8,), Prob:1
(0,6,0,0,)=([],[2,1,],[],[],)->([],[15,14,],[47,46,],[],)->([47,4,],[32,31,],[63,0,],[4,],)=(800000000010,180000000,8000000000000001,10,), Prob:1
(0,c,0,0,)=([],[3,2,],[],[],)->([],[16,15,],[48,47,],[],)->([48,5,],[33,32,],[1,0,],[5,],)=(1000000000020,300000000,3,20,), Prob:1
(0,18,0,0,)=([],[4,3,],[],[],)->([],[17,16,],[49,48,],[],)->([49,6,],[34,33,],[2,1,],[6,],)=(2000000000040,600000000,6,40,), Prob:1
(0,30,0,0,)=([],[5,4,],[],[],)->([],[18,17,],[50,49,],[],)->([50,7,],[35,34,],[3,2,],[7,],)=(4000000000080,c00000000,c,80,), Prob:1
(0,60,0,0,)=([],[6,5,],[],[],)->([],[19,18,],[51,50,],[],)->([51,8,],[36,35,],[4,3,],[8,],)=(8000000000100,1800000000,18,100,), Prob:1
(0,c0,0,0,)=([],[7,6,],[],[],)->([],[20,19,],[52,51,],[],)->([52,9,],[37,36,],[5,4,],[9,],)=(10000000000200,3000000000,30,200,), Prob:1
(0,180,0,0,)=([],[8,7,],[],[],)->([],[21,20,],[53,52,],[],)->([53,10,],[38,37,],[6,5,],[10,],)=(20000000000400,6000000000,60,400,), Prob:1
(0,300,0,0,)=([],[9,8,],[],[],)->([],[22,21,],[54,53,],[],)->([54,11,],[39,38,],[7,6,],[11,],)=(40000000000800,c000000000,c0,800,), Prob:1
(0,600,0,0,)=([],[10,9,],[],[],)->([],[23,22,],[55,54,],[],)->([55,12,],[40,39,],[8,7,],[12,],)=(80000000001000,18000000000,180,1000,), Prob:1
(0,c00,0,0,)=([],[11,10,],[],[],)->([],[24,23,],[56,55,],[],)->([56,13,],[41,40,],[9,8,],[13,],)=(100000000002000,30000000000,300,2000,), Prob:1
(0,1800,0,0,)=([],[12,11,],[],[],)->([],[25,24,],[57,56,],[],)->([57,14,],[42,41,],[10,9,],[14,],)=(200000000004000,60000000000,600,4000,), Prob:1
(0,3000,0,0,)=([],[13,12,],[],[],)->([],[26,25,],[58,57,],[],)->([58,15,],[43,42,],[11,10,],[15,],)=(400000000008000,c0000000000,c00,8000,), Prob:1
(0,6000,0,0,)=([],[14,13,],[],[],)->([],[27,26,],[59,58,],[],)->([59,16,],[44,43,],[12,11,],[16,],)=(800000000010000,180000000000,1800,10000,), Prob:1
(0,c000,0,0,)=([],[15,14,],[],[],)->([],[28,27,],[60,59,],[],)->([60,17,],[45,44,],[13,12,],[17,],)=(1000000000020000,300000000000,3000,20000,), Prob:1
(0,18000,0,0,)=([],[16,15,],[],[],)->([],[29,28,],[61,60,],[],)->([61,18,],[46,45,],[14,13,],[18,],)=(2000000000040000,600000000000,6000,40000,), Prob:1
(0,30000,0,0,)=([],[17,16,],[],[],)->([],[30,29,],[62,61,],[],)->([62,19,],[47,46,],[15,14,],[19,],)=(4000000000080000,c00000000000,c000,80000,), Prob:1
(0,60000,0,0,)=([],[18,17,],[],[],)->([],[31,30,],[63,62,],[],)->([63,20,],[48,47,],[16,15,],[20,],)=(8000000000100000,1800000000000,18000,100000,), Prob:1
(0,c0000,0,0,)=([],[19,18,],[],[],)->([],[32,31,],[63,0,],[],)->([63,21,20,19,0,],[49,48,],[17,16,],[21,20,19,],)=(8000000000380001,3000000000000,30000,380000,), Prob:1
(0,180000,0,0,)=([],[20,19,],[],[],)->([],[33,32,],[1,0,],[],)->([22,1,],[50,49,],[18,17,],[22,],)=(400002,6000000000000,60000,400000,), Prob:1
(0,300000,0,0,)=([],[21,20,],[],[],)->([],[34,33,],[2,1,],[],)->([23,2,],[51,50,],[19,18,],[23,],)=(800004,c000000000000,c0000,800000,), Prob:1
(0,600000,0,0,)=([],[22,21,],[],[],)->([],[35,34,],[3,2,],[],)->([24,3,],[52,51,],[20,19,],[24,],)=(1000008,18000000000000,180000,1000000,), Prob:1
(0,c00000,0,0,)=([],[23,22,],[],[],)->([],[36,35,],[4,3,],[],)->([25,4,],[53,52,],[21,20,],[25,],)=(2000010,30000000000000,300000,2000000,), Prob:1
(0,1800000,0,0,)=([],[24,23,],[],[],)->([],[37,36,],[5,4,],[],)->([26,5,],[54,53,],[22,21,],[26,],)=(4000020,60000000000000,600000,4000000,), Prob:1
(0,3000000,0,0,)=([],[25,24,],[],[],)->([],[38,37,],[6,5,],[],)->([27,6,],[55,54,],[23,22,],[27,],)=(8000040,c0000000000000,c00000,8000000,), Prob:1
(0,6000000,0,0,)=([],[26,25,],[],[],)->([],[39,38,],[7,6,],[],)->([28,7,],[56,55,],[24,23,],[28,],)=(10000080,180000000000000,1800000,10000000,), Prob:1
(0,c000000,0,0,)=([],[27,26,],[],[],)->([],[40,39,],[8,7,],[],)->([29,8,],[57,56,],[25,24,],[29,],)=(20000100,300000000000000,3000000,20000000,), Prob:1
(0,18000000,0,0,)=([],[28,27,],[],[],)->([],[41,40,],[9,8,],[],)->([30,9,],[58,57,],[26,25,],[30,],)=(40000200,600000000000000,6000000,40000000,), Prob:1
(0,30000000,0,0,)=([],[29,28,],[],[],)->([],[42,41,],[10,9,],[],)->([31,10,],[59,58,],[27,26,],[31,],)=(80000400,c00000000000000,c000000,80000000,), Prob:1
(0,60000000,0,0,)=([],[30,29,],[],[],)->([],[43,42,],[11,10,],[],)->([32,11,],[60,59,],[28,27,],[32,],)=(100000800,1800000000000000,18000000,100000000,), Prob:1
(0,c0000000,0,0,)=([],[31,30,],[],[],)->([],[44,43,],[12,11,],[],)->([33,12,],[61,60,],[29,28,],[33,],)=(200001000,3000000000000000,30000000,200000000,), Prob:1
(0,180000000,0,0,)=([],[32,31,],[],[],)->([],[45,44,],[13,12,],[],)->([34,13,],[62,61,],[30,29,],[34,],)=(400002000,6000000000000000,60000000,400000000,), Prob:1
(0,300000000,0,0,)=([],[33,32,],[],[],)->([],[46,45,],[14,13,],[],)->([35,14,],[63,62,],[31,30,],[35,],)=(800004000,c000000000000000,c0000000,800000000,), Prob:1
(0,600000000,0,0,)=([],[34,33,],[],[],)->([],[47,46,],[15,14,],[],)->([36,15,],[63,0,],[32,31,],[36,],)=(1000008000,8000000000000001,180000000,1000000000,), Prob:1
(0,c00000000,0,0,)=([],[35,34,],[],[],)->([],[48,47,],[16,15,],[],)->([37,16,],[1,0,],[33,32,],[37,],)=(2000010000,3,300000000,2000000000,), Prob:1
(0,1800000000,0,0,)=([],[36,35,],[],[],)->([],[49,48,],[17,16,],[],)->([38,17,],[2,1,],[34,33,],[38,],)=(4000020000,6,600000000,4000000000,), Prob:1
(0,3000000000,0,0,)=([],[37,36,],[],[],)->([],[50,49,],[18,17,],[],)->([39,18,],[3,2,],[35,34,],[39,],)=(8000040000,c,c00000000,8000000000,), Prob:1
(0,6000000000,0,0,)=([],[38,37,],[],[],)->([],[51,50,],[19,18,],[],)->([40,19,],[4,3,],[36,35,],[40,],)=(10000080000,18,1800000000,10000000000,), Prob:1
(0,c000000000,0,0,)=([],[39,38,],[],[],)->([],[52,51,],[20,19,],[],)->([41,20,],[5,4,],[37,36,],[41,],)=(20000100000,30,3000000000,20000000000,), Prob:1
(0,18000000000,0,0,)=([],[40,39,],[],[],)->([],[53,52,],[21,20,],[],)->([42,21,],[6,5,],[38,37,],[42,],)=(40000200000,60,6000000000,40000000000,), Prob:1
(0,30000000000,0,0,)=([],[41,40,],[],[],)->([],[54,53,],[22,21,],[],)->([43,22,],[7,6,],[39,38,],[43,],)=(80000400000,c0,c000000000,80000000000,), Prob:1
(0,60000000000,0,0,)=([],[42,41,],[],[],)->([],[55,54,],[23,22,],[],)->([44,23,],[8,7,],[40,39,],[44,],)=(100000800000,180,18000000000,100000000000,), Prob:1
(0,c0000000000,0,0,)=([],[43,42,],[],[],)->([],[56,55,],[24,23,],[],)->([45,24,],[9,8,],[41,40,],[45,],)=(200001000000,300,30000000000,200000000000,), Prob:1
(0,180000000000,0,0,)=([],[44,43,],[],[],)->([],[57,56,],[25,24,],[],)->([46,25,],[10,9,],[42,41,],[46,],)=(400002000000,600,60000000000,400000000000,), Prob:1
(0,300000000000,0,0,)=([],[45,44,],[],[],)->([],[58,57,],[26,25,],[],)->([47,26,],[11,10,],[43,42,],[47,],)=(800004000000,c00,c0000000000,800000000000,), Prob:1
(0,600000000000,0,0,)=([],[46,45,],[],[],)->([],[59,58,],[27,26,],[],)->([48,27,],[12,11,],[44,43,],[48,],)=(1000008000000,1800,180000000000,1000000000000,), Prob:1
(0,c00000000000,0,0,)=([],[47,46,],[],[],)->([],[60,59,],[28,27,],[],)->([49,28,],[13,12,],[45,44,],[49,],)=(2000010000000,3000,300000000000,2000000000000,), Prob:1
(0,1800000000000,0,0,)=([],[48,47,],[],[],)->([],[61,60,],[29,28,],[],)->([50,29,],[14,13,],[46,45,],[50,],)=(4000020000000,6000,600000000000,4000000000000,), Prob:1
(0,3000000000000,0,0,)=([],[49,48,],[],[],)->([],[62,61,],[30,29,],[],)->([51,30,],[15,14,],[47,46,],[51,],)=(8000040000000,c000,c00000000000,8000000000000,), Prob:1
(0,6000000000000,0,0,)=([],[50,49,],[],[],)->([],[63,62,],[31,30,],[],)->([52,31,],[16,15,],[48,47,],[52,],)=(10000080000000,18000,1800000000000,10000000000000,), Prob:1
(0,c000000000000,0,0,)=([],[51,50,],[],[],)->([],[63,0,],[32,31,],[],)->([53,32,],[17,16,],[49,48,],[53,],)=(20000100000000,30000,3000000000000,20000000000000,), Prob:1
(0,18000000000000,0,0,)=([],[52,51,],[],[],)->([],[1,0,],[33,32,],[],)->([54,33,],[18,17,],[50,49,],[54,],)=(40000200000000,60000,6000000000000,40000000000000,), Prob:1
(0,30000000000000,0,0,)=([],[53,52,],[],[],)->([],[2,1,],[34,33,],[],)->([55,34,],[19,18,],[51,50,],[55,],)=(80000400000000,c0000,c000000000000,80000000000000,), Prob:1
(0,60000000000000,0,0,)=([],[54,53,],[],[],)->([],[3,2,],[35,34,],[],)->([56,35,],[20,19,],[52,51,],[56,],)=(100000800000000,180000,18000000000000,100000000000000,), Prob:1
(0,c0000000000000,0,0,)=([],[55,54,],[],[],)->([],[4,3,],[36,35,],[],)->([57,36,],[21,20,],[53,52,],[57,],)=(200001000000000,300000,30000000000000,200000000000000,), Prob:1
(0,180000000000000,0,0,)=([],[56,55,],[],[],)->([],[5,4,],[37,36,],[],)->([58,37,],[22,21,],[54,53,],[58,],)=(400002000000000,600000,60000000000000,400000000000000,), Prob:1
(0,300000000000000,0,0,)=([],[57,56,],[],[],)->([],[6,5,],[38,37,],[],)->([59,38,],[23,22,],[55,54,],[59,],)=(800004000000000,c00000,c0000000000000,800000000000000,), Prob:1
(0,600000000000000,0,0,)=([],[58,57,],[],[],)->([],[7,6,],[39,38,],[],)->([60,39,],[24,23,],[56,55,],[60,],)=(1000008000000000,1800000,180000000000000,1000000000000000,), Prob:1
(0,c00000000000000,0,0,)=([],[59,58,],[],[],)->([],[8,7,],[40,39,],[],)->([61,40,],[25,24,],[57,56,],[61,],)=(2000010000000000,3000000,300000000000000,2000000000000000,), Prob:1
(0,1800000000000000,0,0,)=([],[60,59,],[],[],)->([],[9,8,],[41,40,],[],)->([62,41,],[26,25,],[58,57,],[62,],)=(4000020000000000,6000000,600000000000000,4000000000000000,), Prob:1
(0,3000000000000000,0,0,)=([],[61,60,],[],[],)->([],[10,9,],[42,41,],[],)->([63,42,],[27,26,],[59,58,],[63,],)=(8000040000000000,c000000,c00000000000000,8000000000000000,), Prob:1
(0,6000000000000000,0,0,)=([],[62,61,],[],[],)->([],[11,10,],[43,42,],[],)->([43,0,],[28,27,],[60,59,],[0,],)=(80000000001,18000000,1800000000000000,1,), Prob:1
(0,c000000000000000,0,0,)=([],[63,62,],[],[],)->([],[12,11,],[44,43,],[],)->([44,1,],[29,28,],[61,60,],[1,],)=(100000000002,30000000,3000000000000000,2,), Prob:1
(0,0,1,0,)=([],[],[0,],[],)->([16,0,],[],[],[16,],)->([37,],[33,17,],[49,48,47,32,1,],[37,],)=(2000000000,200020000,3800100000002,2000000000,), Prob:1
(0,0,2,0,)=([],[],[1,],[],)->([17,1,],[],[],[17,],)->([38,],[34,18,],[50,49,48,33,2,],[38,],)=(4000000000,400040000,7000200000004,4000000000,), Prob:3
(0,0,4,0,)=([],[],[2,],[],)->([18,2,1,],[],[],[18,],)->([39,],[35,19,],[51,50,49,34,3,],[39,],)=(8000000000,800080000,e000400000008,8000000000,), Prob:3
(0,0,8,0,)=([],[],[3,],[],)->([19,18,3,],[],[],[19,18,],)->([40,39,],[36,20,19,],[52,35,4,],[40,39,],)=(18000000000,1000180000,10000800000010,18000000000,), Prob:3
(0,0,10,0,)=([],[],[4,],[],)->([20,19,4,],[],[],[20,19,],)->([41,40,],[37,21,20,],[53,36,5,],[41,40,],)=(30000000000,2000300000,20001000000020,30000000000,), Prob:3
(0,0,20,0,)=([],[],[5,],[],)->([21,20,5,],[],[],[21,20,],)->([42,41,],[38,22,21,],[54,37,6,],[42,41,],)=(60000000000,4000600000,40002000000040,60000000000,), Prob:3
(0,0,40,0,)=([],[],[6,],[],)->([22,21,6,],[],[],[22,21,],)->([43,42,],[39,23,22,],[55,38,7,],[43,42,],)=(c0000000000,8000c00000,80004000000080,c0000000000,), Prob:3
(0,0,80,0,)=([],[],[7,],[],)->([23,22,7,],[],[],[23,22,],)->([44,43,],[40,24,23,],[56,39,8,],[44,43,],)=(180000000000,10001800000,100008000000100,180000000000,), Prob:3
(0,0,100,0,)=([],[],[8,],[],)->([24,8,7,],[],[],[24,],)->([45,],[41,25,],[57,56,55,40,9,],[45,],)=(200000000000,20002000000,380010000000200,200000000000,), Prob:3
(0,0,200,0,)=([],[],[9,],[],)->([25,9,8,],[],[],[25,],)->([46,],[42,26,],[58,57,56,41,10,],[46,],)=(400000000000,40004000000,700020000000400,400000000000,), Prob:3
(0,0,400,0,)=([],[],[10,],[],)->([26,25,10,],[],[],[26,25,],)->([47,46,],[43,27,],[59,58,42,41,11,],[47,46,],)=(c00000000000,80008000000,c00060000000800,c00000000000,), Prob:3
(0,0,800,0,)=([],[],[11,],[],)->([27,26,11,],[],[],[27,26,],)->([48,47,],[44,28,27,],[60,43,12,],[48,47,],)=(1800000000000,100018000000,1000080000001000,1800000000000,), Prob:3
(0,0,1000,0,)=([],[],[12,],[],)->([28,12,11,],[],[],[28,],)->([49,],[45,44,29,28,],[61,44,43,13,12,],[49,],)=(2000000000000,300030000000,2000180000003000,2000000000000,), Prob:3
(0,0,2000,0,)=([],[],[13,],[],)->([29,13,12,],[],[],[29,],)->([50,],[46,45,30,29,],[62,45,44,14,13,],[50,],)=(4000000000000,600060000000,4000300000006000,4000000000000,), Prob:3
(0,0,4000,0,)=([],[],[14,],[],)->([30,14,13,],[],[],[30,],)->([51,],[47,46,31,30,],[63,46,45,15,14,],[51,],)=(8000000000000,c000c0000000,800060000000c000,8000000000000,), Prob:3
(0,0,8000,0,)=([],[],[15,],[],)->([31,15,14,],[],[],[31,],)->([52,],[48,47,32,31,],[47,46,16,15,0,],[52,],)=(10000000000000,1800180000000,c00000018001,10000000000000,), Prob:3
(0,0,10000,0,)=([],[],[16,],[],)->([32,31,16,],[],[],[32,31,],)->([53,52,],[49,33,],[48,47,17,1,0,],[53,52,],)=(30000000000000,2000200000000,1800000020003,30000000000000,), Prob:3
(0,0,20000,0,)=([],[],[17,],[],)->([33,17,16,],[],[],[33,],)->([54,],[50,49,34,],[49,18,17,2,1,],[54,],)=(40000000000000,6000400000000,2000000060006,40000000000000,), Prob:3
(0,0,40000,0,)=([],[],[18,],[],)->([34,18,17,],[],[],[34,],)->([55,],[51,35,],[50,19,3,2,1,],[55,],)=(80000000000000,8000800000000,400000008000e,80000000000000,), Prob:3
(0,0,80000,0,)=([],[],[19,],[],)->([35,19,18,],[],[],[35,],)->([56,],[52,51,36,],[51,20,19,4,3,],[56,],)=(100000000000000,18001000000000,8000000180018,100000000000000,), Prob:3
(0,0,100000,0,)=([],[],[20,],[],)->([36,20,19,],[],[],[36,],)->([57,],[53,37,],[52,21,5,4,3,],[57,],)=(200000000000000,20002000000000,10000000200038,200000000000000,), Prob:3
(0,0,200000,0,)=([],[],[21,],[],)->([37,21,20,],[],[],[37,],)->([58,],[54,38,],[53,22,6,5,4,],[58,],)=(400000000000000,40004000000000,20000000400070,400000000000000,), Prob:3
(0,0,400000,0,)=([],[],[22,],[],)->([38,37,22,],[],[],[38,37,],)->([59,58,],[55,39,],[54,53,23,7,6,],[59,58,],)=(c00000000000000,80008000000000,600000008000c0,c00000000000000,), Prob:3
(0,0,800000,0,)=([],[],[23,],[],)->([39,38,23,],[],[],[39,38,],)->([60,59,],[56,40,],[55,54,24,8,7,],[60,59,],)=(1800000000000000,100010000000000,c0000001000180,1800000000000000,), Prob:3
(0,0,1000000,0,)=([],[],[24,],[],)->([40,39,24,],[],[],[40,39,],)->([61,60,],[57,41,],[56,55,25,9,8,],[61,60,],)=(3000000000000000,200020000000000,180000002000300,3000000000000000,), Prob:3
(0,0,2000000,0,)=([],[],[25,],[],)->([41,40,25,],[],[],[41,40,],)->([62,61,],[58,42,],[57,56,26,10,9,],[62,61,],)=(6000000000000000,400040000000000,300000004000600,6000000000000000,), Prob:3
(0,0,4000000,0,)=([],[],[26,],[],)->([42,26,25,],[],[],[42,],)->([63,],[59,58,43,],[58,27,26,11,10,],[63,],)=(8000000000000000,c00080000000000,40000000c000c00,8000000000000000,), Prob:3
(0,0,8000000,0,)=([],[],[27,],[],)->([43,27,26,],[],[],[43,],)->([0,],[60,59,44,],[59,28,27,12,11,],[0,],)=(1,1800100000000000,800000018001800,1,), Prob:3
(0,0,10000000,0,)=([],[],[28,],[],)->([44,28,27,],[],[],[44,],)->([1,],[61,60,45,],[60,29,28,13,12,],[1,],)=(2,3000200000000000,1000000030003000,2,), Prob:3
(0,0,20000000,0,)=([],[],[29,],[],)->([45,29,28,],[],[],[45,],)->([2,],[62,61,46,],[61,30,29,14,13,],[2,],)=(4,6000400000000000,2000000060006000,4,), Prob:3
(0,0,40000000,0,)=([],[],[30,],[],)->([46,30,29,],[],[],[46,],)->([3,],[63,62,47,],[62,31,30,15,14,],[3,],)=(8,c000800000000000,40000000c000c000,8,), Prob:3
(0,0,80000000,0,)=([],[],[31,],[],)->([47,31,30,],[],[],[47,],)->([4,],[63,48,0,],[63,32,31,16,15,],[4,],)=(10,8001000000000001,8000000180018000,10,), Prob:3
(0,0,100000000,0,)=([],[],[32,],[],)->([48,32,31,],[],[],[48,],)->([5,],[49,1,0,],[33,32,17,16,0,],[5,],)=(20,2000000000003,300030001,20,), Prob:3
(0,0,200000000,0,)=([],[],[33,],[],)->([49,33,32,],[],[],[49,],)->([6,],[50,2,1,],[34,33,18,17,1,],[6,],)=(40,4000000000006,600060002,40,), Prob:3
(0,0,400000000,0,)=([],[],[34,],[],)->([50,34,33,],[],[],[50,],)->([7,],[51,3,],[35,19,18,17,2,],[7,],)=(80,8000000000008,8000e0004,80,), Prob:3
(0,0,800000000,0,)=([],[],[35,],[],)->([51,35,34,],[],[],[51,],)->([8,],[52,4,3,],[36,35,20,19,3,],[8,],)=(100,10000000000018,1800180008,100,), Prob:3
(0,0,1000000000,0,)=([],[],[36,],[],)->([52,36,35,],[],[],[52,],)->([9,],[53,5,],[37,21,20,19,4,],[9,],)=(200,20000000000020,2000380010,200,), Prob:3
(0,0,2000000000,0,)=([],[],[37,],[],)->([53,37,36,],[],[],[53,],)->([10,],[54,6,],[38,22,21,20,5,],[10,],)=(400,40000000000040,4000700020,400,), Prob:3
(0,0,4000000000,0,)=([],[],[38,],[],)->([54,38,37,],[],[],[54,],)->([11,],[55,7,],[39,23,22,21,6,],[11,],)=(800,80000000000080,8000e00040,800,), Prob:3
(0,0,8000000000,0,)=([],[],[39,],[],)->([55,39,38,],[],[],[55,],)->([12,],[56,8,],[40,24,23,22,7,],[12,],)=(1000,100000000000100,10001c00080,1000,), Prob:3
(0,0,10000000000,0,)=([],[],[40,],[],)->([56,40,39,],[],[],[56,],)->([13,],[57,9,],[41,25,24,23,8,],[13,],)=(2000,200000000000200,20003800100,2000,), Prob:3
(0,0,20000000000,0,)=([],[],[41,],[],)->([57,41,40,],[],[],[57,],)->([14,],[58,10,9,],[42,41,26,25,9,],[14,],)=(4000,400000000000600,60006000200,4000,), Prob:3
(0,0,40000000000,0,)=([],[],[42,],[],)->([58,42,41,],[],[],[58,],)->([15,],[59,11,10,],[43,42,27,26,10,],[15,],)=(8000,800000000000c00,c000c000400,8000,), Prob:3
(0,0,80000000000,0,)=([],[],[43,],[],)->([59,43,42,],[],[],[59,],)->([16,],[60,12,11,],[44,43,28,27,11,],[16,],)=(10000,1000000000001800,180018000800,10000,), Prob:3
(0,0,100000000000,0,)=([],[],[44,],[],)->([60,44,43,],[],[],[60,],)->([17,],[61,13,12,],[45,44,29,28,12,],[17,],)=(20000,2000000000003000,300030001000,20000,), Prob:3
(0,0,200000000000,0,)=([],[],[45,],[],)->([61,45,44,],[],[],[61,],)->([18,],[62,14,],[46,30,29,28,13,],[18,],)=(40000,4000000000004000,400070002000,40000,), Prob:3
(0,0,400000000000,0,)=([],[],[46,],[],)->([62,46,45,],[],[],[62,],)->([19,],[63,15,],[47,31,30,29,14,],[19,],)=(80000,8000000000008000,8000e0004000,80000,), Prob:3
(0,0,800000000000,0,)=([],[],[47,],[],)->([63,47,46,],[],[],[63,],)->([20,],[16,15,0,],[48,47,32,31,15,],[20,],)=(100000,18001,1800180008000,100000,), Prob:3
(0,0,1000000000000,0,)=([],[],[48,],[],)->([48,47,0,],[],[],[0,],)->([21,],[17,1,],[49,33,32,16,],[21,],)=(200000,20002,2000300010000,200000,), Prob:2
(0,0,2000000000000,0,)=([],[],[49,],[],)->([49,48,1,],[],[],[1,],)->([22,],[18,2,],[50,34,33,17,],[22,],)=(400000,40004,4000600020000,400000,), Prob:3
(0,0,4000000000000,0,)=([],[],[50,],[],)->([50,2,1,],[],[],[2,1,],)->([23,22,],[19,3,],[51,35,34,18,17,],[23,22,],)=(c00000,80008,8000c00060000,c00000,), Prob:3
(0,0,8000000000000,0,)=([],[],[51,],[],)->([51,3,2,],[],[],[3,2,],)->([24,23,],[20,4,],[52,36,35,19,18,],[24,23,],)=(1800000,100010,100018000c0000,1800000,), Prob:3
(0,0,10000000000000,0,)=([],[],[52,],[],)->([52,4,3,],[],[],[4,3,],)->([25,24,],[21,5,],[53,37,36,20,19,],[25,24,],)=(3000000,200020,20003000180000,3000000,), Prob:3
(0,0,20000000000000,0,)=([],[],[53,],[],)->([53,5,4,],[],[],[5,4,],)->([26,25,],[22,6,],[54,38,37,21,20,],[26,25,],)=(6000000,400040,40006000300000,6000000,), Prob:3
(0,0,40000000000000,0,)=([],[],[54,],[],)->([54,6,5,],[],[],[6,5,],)->([27,26,],[23,7,],[55,39,38,22,21,],[27,26,],)=(c000000,800080,8000c000600000,c000000,), Prob:3
(0,0,80000000000000,0,)=([],[],[55,],[],)->([55,7,6,],[],[],[7,6,],)->([28,27,],[24,8,],[56,40,39,23,22,],[28,27,],)=(18000000,1000100,100018000c00000,18000000,), Prob:3
(0,0,100000000000000,0,)=([],[],[56,],[],)->([56,8,7,],[],[],[8,7,],)->([29,28,],[25,9,],[57,41,40,24,23,],[29,28,],)=(30000000,2000200,200030001800000,30000000,), Prob:3
(0,0,200000000000000,0,)=([],[],[57,],[],)->([57,9,8,],[],[],[9,8,],)->([30,29,],[26,10,],[58,42,41,25,24,],[30,29,],)=(60000000,4000400,400060003000000,60000000,), Prob:3
(0,0,400000000000000,0,)=([],[],[58,],[],)->([58,10,9,],[],[],[10,9,],)->([31,30,],[27,11,],[59,43,42,26,25,],[31,30,],)=(c0000000,8000800,8000c0006000000,c0000000,), Prob:3
(0,0,800000000000000,0,)=([],[],[59,],[],)->([59,11,10,],[],[],[11,10,],)->([32,31,],[28,12,11,],[60,44,27,],[32,31,],)=(180000000,10001800,1000100008000000,180000000,), Prob:3
(0,0,1000000000000000,0,)=([],[],[60,],[],)->([60,12,11,],[],[],[12,11,],)->([33,32,],[29,13,],[61,45,44,28,27,],[33,32,],)=(300000000,20002000,2000300018000000,300000000,), Prob:3
(0,0,2000000000000000,0,)=([],[],[61,],[],)->([61,13,12,],[],[],[13,12,],)->([34,33,],[30,14,],[62,46,45,29,28,],[34,33,],)=(600000000,40004000,4000600030000000,600000000,), Prob:3
(0,0,4000000000000000,0,)=([],[],[62,],[],)->([62,14,13,],[],[],[14,13,],)->([35,34,],[31,15,],[63,47,46,30,29,],[35,34,],)=(c00000000,80008000,8000c00060000000,c00000000,), Prob:3
(0,0,8000000000000000,0,)=([],[],[63,],[],)->([63,15,14,],[],[],[15,14,],)->([36,35,],[32,16,15,],[48,31,0,],[36,35,],)=(1800000000,100018000,1000080000001,1800000000,), Prob:3
(0,0,3,0,)=([],[],[1,0,],[],)->([17,16,1,],[],[],[17,16,],)->([38,37,],[34,18,],[50,49,33,2,],[38,37,],)=(6000000000,400040000,6000200000004,6000000000,), Prob:3
(0,0,6,0,)=([],[],[2,1,],[],)->([18,17,2,1,],[],[],[18,17,],)->([39,38,],[35,19,],[51,50,34,3,],[39,38,],)=(c000000000,800080000,c000400000008,c000000000,), Prob:3
(0,0,c,0,)=([],[],[3,2,],[],)->([19,18,3,2,],[],[],[19,18,],)->([40,39,],[36,20,],[52,51,35,4,],[40,39,],)=(18000000000,1000100000,18000800000010,18000000000,), Prob:3
(0,0,18,0,)=([],[],[4,3,],[],)->([20,19,4,3,],[],[],[20,19,],)->([41,40,],[37,21,],[53,52,36,5,],[41,40,],)=(30000000000,2000200000,30001000000020,30000000000,), Prob:3
(0,0,30,0,)=([],[],[5,4,],[],)->([21,20,5,4,],[],[],[21,20,],)->([42,41,],[38,22,],[54,53,37,6,],[42,41,],)=(60000000000,4000400000,60002000000040,60000000000,), Prob:3
(0,0,60,0,)=([],[],[6,5,],[],)->([22,21,6,5,],[],[],[22,21,],)->([43,42,],[39,23,],[55,54,38,7,],[43,42,],)=(c0000000000,8000800000,c0004000000080,c0000000000,), Prob:3
(0,0,c0,0,)=([],[],[7,6,],[],)->([23,22,7,6,],[],[],[23,22,],)->([44,43,],[40,24,],[56,55,39,8,],[44,43,],)=(180000000000,10001000000,180008000000100,180000000000,), Prob:3
(0,0,180,0,)=([],[],[8,7,],[],)->([24,8,],[],[],[24,],)->([45,],[41,40,25,24,],[57,40,9,8,],[45,],)=(200000000000,30003000000,200010000000300,200000000000,), Prob:3
(0,0,300,0,)=([],[],[9,8,],[],)->([25,24,9,8,],[],[],[25,24,],)->([46,45,],[42,26,],[58,57,41,10,],[46,45,],)=(600000000000,40004000000,600020000000400,600000000000,), Prob:3
(0,0,600,0,)=([],[],[10,9,],[],)->([26,25,10,9,],[],[],[26,25,],)->([47,46,],[43,27,],[59,58,42,11,],[47,46,],)=(c00000000000,80008000000,c00040000000800,c00000000000,), Prob:3
(0,0,c00,0,)=([],[],[11,10,],[],)->([27,26,11,10,],[],[],[27,26,],)->([48,47,],[44,28,],[60,59,43,12,],[48,47,],)=(1800000000000,100010000000,1800080000001000,1800000000000,), Prob:3
(0,0,1800,0,)=([],[],[12,11,],[],)->([28,27,12,11,],[],[],[28,27,],)->([49,48,],[45,29,],[61,60,44,13,],[49,48,],)=(3000000000000,200020000000,3000100000002000,3000000000000,), Prob:3
(0,0,3000,0,)=([],[],[13,12,],[],)->([29,28,13,12,],[],[],[29,28,],)->([50,49,],[46,30,],[62,61,45,14,],[50,49,],)=(6000000000000,400040000000,6000200000004000,6000000000000,), Prob:3
(0,0,6000,0,)=([],[],[14,13,],[],)->([30,29,14,13,],[],[],[30,29,],)->([51,50,],[47,31,],[63,62,46,15,],[51,50,],)=(c000000000000,800080000000,c000400000008000,c000000000000,), Prob:3
(0,0,c000,0,)=([],[],[15,14,],[],)->([31,30,15,14,],[],[],[31,30,],)->([52,51,],[48,32,],[63,47,16,0,],[52,51,],)=(18000000000000,1000100000000,8000800000010001,18000000000000,), Prob:3
(0,0,18000,0,)=([],[],[16,15,],[],)->([32,31,16,15,],[],[],[32,31,],)->([53,52,],[49,33,],[48,17,1,0,],[53,52,],)=(30000000000000,2000200000000,1000000020003,30000000000000,), Prob:3
(0,0,30000,0,)=([],[],[17,16,],[],)->([33,32,17,16,],[],[],[33,32,],)->([54,53,],[50,34,],[49,18,2,1,],[54,53,],)=(60000000000000,4000400000000,2000000040006,60000000000000,), Prob:3
(0,0,60000,0,)=([],[],[18,17,],[],)->([34,33,18,17,],[],[],[34,33,],)->([55,54,],[51,35,],[50,19,3,2,],[55,54,],)=(c0000000000000,8000800000000,400000008000c,c0000000000000,), Prob:3
(0,0,c0000,0,)=([],[],[19,18,],[],)->([35,34,19,18,],[],[],[35,34,],)->([56,55,],[52,36,],[51,20,4,3,],[56,55,],)=(180000000000000,10001000000000,8000000100018,180000000000000,), Prob:3
(0,0,180000,0,)=([],[],[20,19,],[],)->([36,35,20,19,],[],[],[36,35,],)->([57,56,],[53,37,],[52,21,5,4,],[57,56,],)=(300000000000000,20002000000000,10000000200030,300000000000000,), Prob:3
(0,0,300000,0,)=([],[],[21,20,],[],)->([37,36,21,20,],[],[],[37,36,],)->([58,57,],[54,38,],[53,22,6,5,],[58,57,],)=(600000000000000,40004000000000,20000000400060,600000000000000,), Prob:3
(0,0,600000,0,)=([],[],[22,21,],[],)->([38,37,22,21,],[],[],[38,37,],)->([59,58,],[55,39,],[54,23,7,6,],[59,58,],)=(c00000000000000,80008000000000,400000008000c0,c00000000000000,), Prob:3
(0,0,c00000,0,)=([],[],[23,22,],[],)->([39,38,23,22,],[],[],[39,38,],)->([60,59,],[56,40,],[55,24,8,7,],[60,59,],)=(1800000000000000,100010000000000,80000001000180,1800000000000000,), Prob:3
(0,0,1800000,0,)=([],[],[24,23,],[],)->([40,39,24,23,],[],[],[40,39,],)->([61,60,],[57,41,],[56,25,9,8,],[61,60,],)=(3000000000000000,200020000000000,100000002000300,3000000000000000,), Prob:3
(0,0,3000000,0,)=([],[],[25,24,],[],)->([41,40,25,24,],[],[],[41,40,],)->([62,61,],[58,42,],[57,26,10,9,],[62,61,],)=(6000000000000000,400040000000000,200000004000600,6000000000000000,), Prob:3
(0,0,6000000,0,)=([],[],[26,25,],[],)->([42,41,26,25,],[],[],[42,41,],)->([63,62,],[59,43,],[58,27,11,10,],[63,62,],)=(c000000000000000,800080000000000,400000008000c00,c000000000000000,), Prob:3
(0,0,c000000,0,)=([],[],[27,26,],[],)->([43,27,],[],[],[43,],)->([0,],[60,59,44,],[59,58,28,27,12,11,],[0,],)=(1,1800100000000000,c00000018001800,1,), Prob:3
(0,0,18000000,0,)=([],[],[28,27,],[],)->([44,28,],[],[],[44,],)->([1,],[61,60,45,],[60,59,29,28,13,12,],[1,],)=(2,3000200000000000,1800000030003000,2,), Prob:3
(0,0,30000000,0,)=([],[],[29,28,],[],)->([45,29,],[],[],[45,],)->([2,],[62,61,46,],[61,60,30,29,14,13,],[2,],)=(4,6000400000000000,3000000060006000,4,), Prob:3
(0,0,60000000,0,)=([],[],[30,29,],[],)->([46,30,],[],[],[46,],)->([3,],[63,62,47,],[62,61,31,30,15,14,],[3,],)=(8,c000800000000000,60000000c000c000,8,), Prob:3
(0,0,c0000000,0,)=([],[],[31,30,],[],)->([47,31,],[],[],[47,],)->([4,],[63,48,0,],[63,62,32,31,16,15,],[4,],)=(10,8001000000000001,c000000180018000,10,), Prob:3
(0,0,180000000,0,)=([],[],[32,31,],[],)->([48,32,],[],[],[48,],)->([5,],[49,1,0,],[63,33,32,17,16,0,],[5,],)=(20,2000000000003,8000000300030001,20,), Prob:3
(0,0,300000000,0,)=([],[],[33,32,],[],)->([49,33,],[],[],[49,],)->([6,],[50,2,1,],[34,33,18,17,1,0,],[6,],)=(40,4000000000006,600060003,40,), Prob:3
(0,0,600000000,0,)=([],[],[34,33,],[],)->([50,34,],[],[],[50,],)->([7,],[51,3,],[35,19,18,17,2,1,],[7,],)=(80,8000000000008,8000e0006,80,), Prob:3
(0,0,c00000000,0,)=([],[],[35,34,],[],)->([51,35,],[],[],[51,],)->([8,],[52,4,3,],[36,35,20,19,3,2,],[8,],)=(100,10000000000018,180018000c,100,), Prob:3
(0,0,1800000000,0,)=([],[],[36,35,],[],)->([52,36,],[],[],[52,],)->([9,],[53,5,],[37,21,20,19,4,3,],[9,],)=(200,20000000000020,2000380018,200,), Prob:3
(0,0,3000000000,0,)=([],[],[37,36,],[],)->([53,52,37,36,],[],[],[53,52,],)->([10,9,],[54,6,],[38,22,21,5,],[10,9,],)=(600,40000000000040,4000600020,600,), Prob:3
(0,0,6000000000,0,)=([],[],[38,37,],[],)->([54,38,],[],[],[54,],)->([11,],[55,7,],[39,23,22,21,6,5,],[11,],)=(800,80000000000080,8000e00060,800,), Prob:3
(0,0,c000000000,0,)=([],[],[39,38,],[],)->([55,54,39,38,],[],[],[55,54,],)->([12,11,],[56,8,],[40,24,23,7,],[12,11,],)=(1800,100000000000100,10001800080,1800,), Prob:3
(0,0,18000000000,0,)=([],[],[40,39,],[],)->([56,55,40,39,],[],[],[56,55,],)->([13,12,],[57,9,],[41,25,24,8,],[13,12,],)=(3000,200000000000200,20003000100,3000,), Prob:3
(0,0,30000000000,0,)=([],[],[41,40,],[],)->([57,56,41,40,],[],[],[57,56,],)->([14,13,],[58,10,],[42,26,25,9,],[14,13,],)=(6000,400000000000400,40006000200,6000,), Prob:3
(0,0,60000000000,0,)=([],[],[42,41,],[],)->([58,42,],[],[],[58,],)->([15,],[59,58,11,10,],[43,42,27,10,],[15,],)=(8000,c00000000000c00,c0008000400,8000,), Prob:3
(0,0,c0000000000,0,)=([],[],[43,42,],[],)->([59,43,],[],[],[59,],)->([16,],[60,59,12,11,],[44,43,28,11,],[16,],)=(10000,1800000000001800,180010000800,10000,), Prob:3
(0,0,180000000000,0,)=([],[],[44,43,],[],)->([60,44,],[],[],[60,],)->([17,],[61,60,13,12,],[45,44,29,12,],[17,],)=(20000,3000000000003000,300020001000,20000,), Prob:3
(0,0,300000000000,0,)=([],[],[45,44,],[],)->([61,45,],[],[],[61,],)->([18,],[62,61,14,],[46,30,28,13,],[18,],)=(40000,6000000000004000,400050002000,40000,), Prob:3
(0,0,600000000000,0,)=([],[],[46,45,],[],)->([62,46,],[],[],[62,],)->([19,],[63,62,15,],[47,31,29,14,],[19,],)=(80000,c000000000008000,8000a0004000,80000,), Prob:3
(0,0,c00000000000,0,)=([],[],[47,46,],[],)->([63,47,],[],[],[63,],)->([20,],[63,16,15,0,],[48,47,32,15,],[20,],)=(100000,8000000000018001,1800100008000,100000,), Prob:3
(0,0,1800000000000,0,)=([],[],[48,47,],[],)->([48,0,],[],[],[0,],)->([21,],[17,1,],[49,33,32,16,15,],[21,],)=(200000,20002,2000300018000,200000,), Prob:2
(0,0,3000000000000,0,)=([],[],[49,48,],[],)->([49,48,1,0,],[],[],[1,0,],)->([22,21,],[18,2,],[50,34,33,17,],[22,21,],)=(600000,40004,4000600020000,600000,), Prob:3
(0,0,6000000000000,0,)=([],[],[50,49,],[],)->([50,49,2,1,],[],[],[2,1,],)->([23,22,],[19,3,],[51,35,34,18,],[23,22,],)=(c00000,80008,8000c00040000,c00000,), Prob:3
(0,0,c000000000000,0,)=([],[],[51,50,],[],)->([51,50,3,2,],[],[],[3,2,],)->([24,23,],[20,4,],[52,36,35,19,],[24,23,],)=(1800000,100010,10001800080000,1800000,), Prob:3
(0,0,18000000000000,0,)=([],[],[52,51,],[],)->([52,51,4,3,],[],[],[4,3,],)->([25,24,],[21,5,],[53,37,36,20,],[25,24,],)=(3000000,200020,20003000100000,3000000,), Prob:3
(0,0,30000000000000,0,)=([],[],[53,52,],[],)->([53,52,5,4,],[],[],[5,4,],)->([26,25,],[22,6,],[54,38,37,21,],[26,25,],)=(6000000,400040,40006000200000,6000000,), Prob:3
(0,0,60000000000000,0,)=([],[],[54,53,],[],)->([54,53,6,5,],[],[],[6,5,],)->([27,26,],[23,7,],[55,39,38,22,],[27,26,],)=(c000000,800080,8000c000400000,c000000,), Prob:3
(0,0,c0000000000000,0,)=([],[],[55,54,],[],)->([55,54,7,6,],[],[],[7,6,],)->([28,27,],[24,8,],[56,40,39,23,],[28,27,],)=(18000000,1000100,100018000800000,18000000,), Prob:3
(0,0,180000000000000,0,)=([],[],[56,55,],[],)->([56,55,8,7,],[],[],[8,7,],)->([29,28,],[25,9,],[57,41,40,24,],[29,28,],)=(30000000,2000200,200030001000000,30000000,), Prob:3
(0,0,300000000000000,0,)=([],[],[57,56,],[],)->([57,56,9,8,],[],[],[9,8,],)->([30,29,],[26,10,],[58,42,41,25,],[30,29,],)=(60000000,4000400,400060002000000,60000000,), Prob:3
(0,0,600000000000000,0,)=([],[],[58,57,],[],)->([58,57,10,9,],[],[],[10,9,],)->([31,30,],[27,11,],[59,43,42,26,],[31,30,],)=(c0000000,8000800,8000c0004000000,c0000000,), Prob:3
(0,0,c00000000000000,0,)=([],[],[59,58,],[],)->([59,58,11,10,],[],[],[11,10,],)->([32,31,],[28,12,],[60,44,43,27,],[32,31,],)=(180000000,10001000,1000180008000000,180000000,), Prob:3
(0,0,1800000000000000,0,)=([],[],[60,59,],[],)->([60,59,12,11,],[],[],[12,11,],)->([33,32,],[29,13,],[61,45,44,28,],[33,32,],)=(300000000,20002000,2000300010000000,300000000,), Prob:3
(0,0,3000000000000000,0,)=([],[],[61,60,],[],)->([61,60,13,12,],[],[],[13,12,],)->([34,33,],[30,14,],[62,46,45,29,],[34,33,],)=(600000000,40004000,4000600020000000,600000000,), Prob:3
(0,0,6000000000000000,0,)=([],[],[62,61,],[],)->([62,61,14,13,],[],[],[14,13,],)->([35,34,],[31,15,],[63,47,46,30,],[35,34,],)=(c00000000,80008000,8000c00040000000,c00000000,), Prob:3
(0,0,c000000000000000,0,)=([],[],[63,62,],[],)->([63,62,15,14,],[],[],[15,14,],)->([36,35,],[32,16,],[48,47,31,0,],[36,35,],)=(1800000000,100010000,1800080000001,1800000000,), Prob:3
(0,0,0,1,)=([],[],[],[0,],)->([16,],[],[],[16,],)->([37,],[33,],[48,47,1,],[37,],)=(2000000000,200000000,1800000000002,2000000000,), Prob:1
(0,0,0,2,)=([],[],[],[1,],)->([17,],[],[],[17,],)->([38,],[34,],[49,48,2,],[38,],)=(4000000000,400000000,3000000000004,4000000000,), Prob:1
(0,0,0,4,)=([],[],[],[2,],)->([18,],[],[],[18,],)->([39,],[35,],[50,49,3,],[39,],)=(8000000000,800000000,6000000000008,8000000000,), Prob:1
(0,0,0,8,)=([],[],[],[3,],)->([19,],[],[],[19,],)->([40,],[36,],[51,50,4,],[40,],)=(10000000000,1000000000,c000000000010,10000000000,), Prob:1
(0,0,0,10,)=([],[],[],[4,],)->([20,],[],[],[20,],)->([41,],[37,],[52,51,5,],[41,],)=(20000000000,2000000000,18000000000020,20000000000,), Prob:1
(0,0,0,20,)=([],[],[],[5,],)->([21,],[],[],[21,],)->([42,],[38,],[53,52,6,],[42,],)=(40000000000,4000000000,30000000000040,40000000000,), Prob:1
(0,0,0,40,)=([],[],[],[6,],)->([22,],[],[],[22,],)->([43,],[39,],[54,53,7,],[43,],)=(80000000000,8000000000,60000000000080,80000000000,), Prob:1
(0,0,0,80,)=([],[],[],[7,],)->([23,],[],[],[23,],)->([44,],[40,],[55,54,8,],[44,],)=(100000000000,10000000000,c0000000000100,100000000000,), Prob:1
(0,0,0,100,)=([],[],[],[8,],)->([24,],[],[],[24,],)->([45,],[41,],[56,55,9,],[45,],)=(200000000000,20000000000,180000000000200,200000000000,), Prob:1
(0,0,0,200,)=([],[],[],[9,],)->([25,],[],[],[25,],)->([46,],[42,],[57,56,10,],[46,],)=(400000000000,40000000000,300000000000400,400000000000,), Prob:1
(0,0,0,400,)=([],[],[],[10,],)->([26,],[],[],[26,],)->([47,],[43,],[58,57,11,],[47,],)=(800000000000,80000000000,600000000000800,800000000000,), Prob:1
(0,0,0,800,)=([],[],[],[11,],)->([27,],[],[],[27,],)->([48,],[44,],[59,58,12,],[48,],)=(1000000000000,100000000000,c00000000001000,1000000000000,), Prob:1
(0,0,0,1000,)=([],[],[],[12,],)->([28,],[],[],[28,],)->([49,],[45,44,],[60,13,12,],[49,],)=(2000000000000,300000000000,1000000000003000,2000000000000,), Prob:1
(0,0,0,2000,)=([],[],[],[13,],)->([29,],[],[],[29,],)->([50,],[46,45,],[61,14,13,],[50,],)=(4000000000000,600000000000,2000000000006000,4000000000000,), Prob:1
(0,0,0,4000,)=([],[],[],[14,],)->([30,],[],[],[30,],)->([51,],[47,46,],[62,15,14,],[51,],)=(8000000000000,c00000000000,400000000000c000,8000000000000,), Prob:1
(0,0,0,8000,)=([],[],[],[15,],)->([31,],[],[],[31,],)->([52,],[48,47,],[63,16,15,],[52,],)=(10000000000000,1800000000000,8000000000018000,10000000000000,), Prob:1
(0,0,0,10000,)=([],[],[],[16,],)->([32,],[],[],[32,],)->([53,],[49,48,],[17,16,0,],[53,],)=(20000000000000,3000000000000,30001,20000000000000,), Prob:1
(0,0,0,20000,)=([],[],[],[17,],)->([33,],[],[],[33,],)->([54,],[50,49,],[18,17,1,],[54,],)=(40000000000000,6000000000000,60002,40000000000000,), Prob:1
(0,0,0,40000,)=([],[],[],[18,],)->([34,],[],[],[34,],)->([55,],[51,50,],[19,18,2,],[55,],)=(80000000000000,c000000000000,c0004,80000000000000,), Prob:1
(0,0,0,80000,)=([],[],[],[19,],)->([35,],[],[],[35,],)->([56,],[52,51,],[20,19,3,],[56,],)=(100000000000000,18000000000000,180008,100000000000000,), Prob:1
(0,0,0,100000,)=([],[],[],[20,],)->([36,],[],[],[36,],)->([57,],[53,52,],[21,20,4,],[57,],)=(200000000000000,30000000000000,300010,200000000000000,), Prob:1
(0,0,0,200000,)=([],[],[],[21,],)->([37,],[],[],[37,],)->([58,],[54,53,],[22,21,5,],[58,],)=(400000000000000,60000000000000,600020,400000000000000,), Prob:1
(0,0,0,400000,)=([],[],[],[22,],)->([38,],[],[],[38,],)->([59,],[55,54,],[23,22,6,],[59,],)=(800000000000000,c0000000000000,c00040,800000000000000,), Prob:1
(0,0,0,800000,)=([],[],[],[23,],)->([39,],[],[],[39,],)->([60,],[56,55,],[24,23,7,],[60,],)=(1000000000000000,180000000000000,1800080,1000000000000000,), Prob:1
(0,0,0,1000000,)=([],[],[],[24,],)->([40,],[],[],[40,],)->([61,],[57,56,],[25,24,8,],[61,],)=(2000000000000000,300000000000000,3000100,2000000000000000,), Prob:1
(0,0,0,2000000,)=([],[],[],[25,],)->([41,],[],[],[41,],)->([62,],[58,57,],[26,25,9,],[62,],)=(4000000000000000,600000000000000,6000200,4000000000000000,), Prob:1
(0,0,0,4000000,)=([],[],[],[26,],)->([42,],[],[],[42,],)->([63,],[59,58,],[27,26,10,],[63,],)=(8000000000000000,c00000000000000,c000400,8000000000000000,), Prob:1
(0,0,0,8000000,)=([],[],[],[27,],)->([43,],[],[],[43,],)->([0,],[60,59,],[28,27,11,],[0,],)=(1,1800000000000000,18000800,1,), Prob:1
(0,0,0,10000000,)=([],[],[],[28,],)->([44,],[],[],[44,],)->([1,],[61,60,],[29,28,12,],[1,],)=(2,3000000000000000,30001000,2,), Prob:1
(0,0,0,20000000,)=([],[],[],[29,],)->([45,],[],[],[45,],)->([2,],[62,61,],[30,29,13,],[2,],)=(4,6000000000000000,60002000,4,), Prob:1
(0,0,0,40000000,)=([],[],[],[30,],)->([46,],[],[],[46,],)->([3,],[63,62,],[31,30,14,],[3,],)=(8,c000000000000000,c0004000,8,), Prob:1
(0,0,0,80000000,)=([],[],[],[31,],)->([47,],[],[],[47,],)->([4,],[63,0,],[32,31,15,],[4,],)=(10,8000000000000001,180008000,10,), Prob:1
(0,0,0,100000000,)=([],[],[],[32,],)->([48,],[],[],[48,],)->([5,],[1,0,],[33,32,16,],[5,],)=(20,3,300010000,20,), Prob:1
(0,0,0,200000000,)=([],[],[],[33,],)->([49,],[],[],[49,],)->([6,],[2,1,],[34,33,17,],[6,],)=(40,6,600020000,40,), Prob:1
(0,0,0,400000000,)=([],[],[],[34,],)->([50,],[],[],[50,],)->([7,],[3,],[35,18,17,],[7,],)=(80,8,800060000,80,), Prob:1
(0,0,0,800000000,)=([],[],[],[35,],)->([51,],[],[],[51,],)->([8,],[4,3,],[36,35,19,],[8,],)=(100,18,1800080000,100,), Prob:1
(0,0,0,1000000000,)=([],[],[],[36,],)->([52,],[],[],[52,],)->([9,],[5,],[37,20,19,],[9,],)=(200,20,2000180000,200,), Prob:1
(0,0,0,2000000000,)=([],[],[],[37,],)->([53,],[],[],[53,],)->([10,],[6,],[38,21,20,],[10,],)=(400,40,4000300000,400,), Prob:1
(0,0,0,4000000000,)=([],[],[],[38,],)->([54,],[],[],[54,],)->([11,],[7,],[39,22,21,],[11,],)=(800,80,8000600000,800,), Prob:1
(0,0,0,8000000000,)=([],[],[],[39,],)->([55,],[],[],[55,],)->([12,],[8,],[40,23,22,],[12,],)=(1000,100,10000c00000,1000,), Prob:1
(0,0,0,10000000000,)=([],[],[],[40,],)->([56,],[],[],[56,],)->([13,],[9,8,],[41,40,24,],[13,],)=(2000,300,30001000000,2000,), Prob:1
(0,0,0,20000000000,)=([],[],[],[41,],)->([57,],[],[],[57,],)->([14,],[10,9,],[42,41,25,],[14,],)=(4000,600,60002000000,4000,), Prob:1
(0,0,0,40000000000,)=([],[],[],[42,],)->([58,],[],[],[58,],)->([15,],[11,10,],[43,42,26,],[15,],)=(8000,c00,c0004000000,8000,), Prob:1
(0,0,0,80000000000,)=([],[],[],[43,],)->([59,],[],[],[59,],)->([16,],[12,11,],[44,43,27,],[16,],)=(10000,1800,180008000000,10000,), Prob:1
(0,0,0,100000000000,)=([],[],[],[44,],)->([60,],[],[],[60,],)->([17,],[13,12,],[45,44,28,],[17,],)=(20000,3000,300010000000,20000,), Prob:1
(0,0,0,200000000000,)=([],[],[],[45,],)->([61,],[],[],[61,],)->([18,],[14,],[46,29,28,],[18,],)=(40000,4000,400030000000,40000,), Prob:1
(0,0,0,400000000000,)=([],[],[],[46,],)->([62,],[],[],[62,],)->([19,],[15,],[47,30,29,],[19,],)=(80000,8000,800060000000,80000,), Prob:1
(0,0,0,800000000000,)=([],[],[],[47,],)->([63,],[],[],[63,],)->([20,],[16,15,],[48,47,31,],[20,],)=(100000,18000,1800080000000,100000,), Prob:1
(0,0,0,1000000000000,)=([],[],[],[48,],)->([0,],[],[],[0,],)->([21,],[17,],[49,32,],[21,],)=(200000,20000,2000100000000,200000,), Prob:0
(0,0,0,2000000000000,)=([],[],[],[49,],)->([1,],[],[],[1,],)->([22,],[18,],[50,33,],[22,],)=(400000,40000,4000200000000,400000,), Prob:1
(0,0,0,4000000000000,)=([],[],[],[50,],)->([2,],[],[],[2,],)->([23,],[19,],[51,34,33,],[23,],)=(800000,80000,8000600000000,800000,), Prob:1
(0,0,0,8000000000000,)=([],[],[],[51,],)->([3,],[],[],[3,],)->([24,],[20,19,],[52,51,35,],[24,],)=(1000000,180000,18000800000000,1000000,), Prob:1
(0,0,0,10000000000000,)=([],[],[],[52,],)->([4,],[],[],[4,],)->([25,],[21,],[53,36,35,],[25,],)=(2000000,200000,20001800000000,2000000,), Prob:1
(0,0,0,20000000000000,)=([],[],[],[53,],)->([5,],[],[],[5,],)->([26,],[22,],[54,37,36,],[26,],)=(4000000,400000,40003000000000,4000000,), Prob:1
(0,0,0,40000000000000,)=([],[],[],[54,],)->([6,],[],[],[6,],)->([27,],[23,],[55,38,37,],[27,],)=(8000000,800000,80006000000000,8000000,), Prob:1
(0,0,0,80000000000000,)=([],[],[],[55,],)->([7,],[],[],[7,],)->([28,],[24,],[56,39,38,],[28,],)=(10000000,1000000,10000c000000000,10000000,), Prob:1
(0,0,0,100000000000000,)=([],[],[],[56,],)->([8,],[],[],[8,],)->([29,],[25,24,],[57,56,40,],[29,],)=(20000000,3000000,300010000000000,20000000,), Prob:1
(0,0,0,200000000000000,)=([],[],[],[57,],)->([9,],[],[],[9,],)->([30,],[26,25,],[58,57,41,],[30,],)=(40000000,6000000,600020000000000,40000000,), Prob:1
(0,0,0,400000000000000,)=([],[],[],[58,],)->([10,],[],[],[10,],)->([31,],[27,],[59,42,41,],[31,],)=(80000000,8000000,800060000000000,80000000,), Prob:1
(0,0,0,800000000000000,)=([],[],[],[59,],)->([11,],[],[],[11,],)->([32,],[28,],[60,43,42,],[32,],)=(100000000,10000000,10000c0000000000,100000000,), Prob:1
(0,0,0,1000000000000000,)=([],[],[],[60,],)->([12,],[],[],[12,],)->([33,],[29,],[61,44,43,],[33,],)=(200000000,20000000,2000180000000000,200000000,), Prob:1
(0,0,0,2000000000000000,)=([],[],[],[61,],)->([13,],[],[],[13,],)->([34,],[30,],[62,45,44,],[34,],)=(400000000,40000000,4000300000000000,400000000,), Prob:1
(0,0,0,4000000000000000,)=([],[],[],[62,],)->([14,],[],[],[14,],)->([35,],[31,],[63,46,45,],[35,],)=(800000000,80000000,8000600000000000,800000000,), Prob:1
(0,0,0,8000000000000000,)=([],[],[],[63,],)->([15,],[],[],[15,],)->([36,],[32,],[47,46,0,],[36,],)=(1000000000,100000000,c00000000001,1000000000,), Prob:1
(0,0,0,3,)=([],[],[],[1,0,],)->([17,16,],[],[],[17,16,],)->([38,37,],[34,],[49,2,],[38,37,],)=(6000000000,400000000,2000000000004,6000000000,), Prob:1
(0,0,0,6,)=([],[],[],[2,1,],)->([18,17,],[],[],[18,17,],)->([39,38,],[35,],[50,3,],[39,38,],)=(c000000000,800000000,4000000000008,c000000000,), Prob:1
(0,0,0,c,)=([],[],[],[3,2,],)->([19,18,],[],[],[19,18,],)->([40,39,],[36,],[51,4,],[40,39,],)=(18000000000,1000000000,8000000000010,18000000000,), Prob:1
(0,0,0,18,)=([],[],[],[4,3,],)->([20,19,],[],[],[20,19,],)->([41,40,],[37,],[52,5,],[41,40,],)=(30000000000,2000000000,10000000000020,30000000000,), Prob:1
(0,0,0,30,)=([],[],[],[5,4,],)->([21,20,],[],[],[21,20,],)->([42,41,],[38,],[53,6,],[42,41,],)=(60000000000,4000000000,20000000000040,60000000000,), Prob:1
(0,0,0,60,)=([],[],[],[6,5,],)->([22,21,],[],[],[22,21,],)->([43,42,],[39,],[54,7,],[43,42,],)=(c0000000000,8000000000,40000000000080,c0000000000,), Prob:1
(0,0,0,c0,)=([],[],[],[7,6,],)->([23,22,],[],[],[23,22,],)->([44,43,],[40,],[55,8,],[44,43,],)=(180000000000,10000000000,80000000000100,180000000000,), Prob:1
(0,0,0,180,)=([],[],[],[8,7,],)->([24,23,],[],[],[24,23,],)->([45,44,],[41,],[56,9,],[45,44,],)=(300000000000,20000000000,100000000000200,300000000000,), Prob:1
(0,0,0,300,)=([],[],[],[9,8,],)->([25,24,],[],[],[25,24,],)->([46,45,],[42,],[57,10,],[46,45,],)=(600000000000,40000000000,200000000000400,600000000000,), Prob:1
(0,0,0,600,)=([],[],[],[10,9,],)->([26,25,],[],[],[26,25,],)->([47,46,],[43,],[58,11,],[47,46,],)=(c00000000000,80000000000,400000000000800,c00000000000,), Prob:1
(0,0,0,c00,)=([],[],[],[11,10,],)->([27,26,],[],[],[27,26,],)->([48,47,],[44,],[59,12,],[48,47,],)=(1800000000000,100000000000,800000000001000,1800000000000,), Prob:1
(0,0,0,1800,)=([],[],[],[12,11,],)->([28,27,],[],[],[28,27,],)->([49,48,],[45,],[60,13,],[49,48,],)=(3000000000000,200000000000,1000000000002000,3000000000000,), Prob:1
(0,0,0,3000,)=([],[],[],[13,12,],)->([29,28,],[],[],[29,28,],)->([50,49,],[46,],[61,14,],[50,49,],)=(6000000000000,400000000000,2000000000004000,6000000000000,), Prob:1
(0,0,0,6000,)=([],[],[],[14,13,],)->([30,29,],[],[],[30,29,],)->([51,50,],[47,],[62,15,],[51,50,],)=(c000000000000,800000000000,4000000000008000,c000000000000,), Prob:1
(0,0,0,c000,)=([],[],[],[15,14,],)->([31,30,],[],[],[31,30,],)->([52,51,],[48,],[63,16,],[52,51,],)=(18000000000000,1000000000000,8000000000010000,18000000000000,), Prob:1
(0,0,0,18000,)=([],[],[],[16,15,],)->([32,31,],[],[],[32,31,],)->([53,52,],[49,],[17,0,],[53,52,],)=(30000000000000,2000000000000,20001,30000000000000,), Prob:1
(0,0,0,30000,)=([],[],[],[17,16,],)->([33,32,],[],[],[33,32,],)->([54,53,],[50,],[18,1,],[54,53,],)=(60000000000000,4000000000000,40002,60000000000000,), Prob:1
(0,0,0,60000,)=([],[],[],[18,17,],)->([34,33,],[],[],[34,33,],)->([55,54,],[51,],[19,2,],[55,54,],)=(c0000000000000,8000000000000,80004,c0000000000000,), Prob:1
(0,0,0,c0000,)=([],[],[],[19,18,],)->([35,34,],[],[],[35,34,],)->([56,55,],[52,],[20,3,],[56,55,],)=(180000000000000,10000000000000,100008,180000000000000,), Prob:1
(0,0,0,180000,)=([],[],[],[20,19,],)->([36,35,],[],[],[36,35,],)->([57,56,],[53,],[21,4,],[57,56,],)=(300000000000000,20000000000000,200010,300000000000000,), Prob:1
(0,0,0,300000,)=([],[],[],[21,20,],)->([37,36,],[],[],[37,36,],)->([58,57,],[54,],[22,5,],[58,57,],)=(600000000000000,40000000000000,400020,600000000000000,), Prob:1
(0,0,0,600000,)=([],[],[],[22,21,],)->([38,37,],[],[],[38,37,],)->([59,58,],[55,],[23,6,],[59,58,],)=(c00000000000000,80000000000000,800040,c00000000000000,), Prob:1
(0,0,0,c00000,)=([],[],[],[23,22,],)->([39,38,],[],[],[39,38,],)->([60,59,],[56,],[24,7,],[60,59,],)=(1800000000000000,100000000000000,1000080,1800000000000000,), Prob:1
(0,0,0,1800000,)=([],[],[],[24,23,],)->([40,39,],[],[],[40,39,],)->([61,60,],[57,],[25,8,],[61,60,],)=(3000000000000000,200000000000000,2000100,3000000000000000,), Prob:1
(0,0,0,3000000,)=([],[],[],[25,24,],)->([41,40,],[],[],[41,40,],)->([62,61,],[58,],[26,9,],[62,61,],)=(6000000000000000,400000000000000,4000200,6000000000000000,), Prob:1
(0,0,0,6000000,)=([],[],[],[26,25,],)->([42,41,],[],[],[42,41,],)->([63,62,],[59,],[27,10,],[63,62,],)=(c000000000000000,800000000000000,8000400,c000000000000000,), Prob:1
(0,0,0,c000000,)=([],[],[],[27,26,],)->([43,42,],[],[],[43,42,],)->([63,0,],[60,],[28,11,],[63,0,],)=(8000000000000001,1000000000000000,10000800,8000000000000001,), Prob:1
(0,0,0,18000000,)=([],[],[],[28,27,],)->([44,43,],[],[],[44,43,],)->([1,0,],[61,],[29,12,],[1,0,],)=(3,2000000000000000,20001000,3,), Prob:1
(0,0,0,30000000,)=([],[],[],[29,28,],)->([45,44,],[],[],[45,44,],)->([2,1,],[62,],[30,13,],[2,1,],)=(6,4000000000000000,40002000,6,), Prob:1
(0,0,0,60000000,)=([],[],[],[30,29,],)->([46,45,],[],[],[46,45,],)->([3,2,],[63,],[31,14,],[3,2,],)=(c,8000000000000000,80004000,c,), Prob:1
(0,0,0,c0000000,)=([],[],[],[31,30,],)->([47,46,],[],[],[47,46,],)->([4,3,],[0,],[32,15,],[4,3,],)=(18,1,100008000,18,), Prob:1
(0,0,0,180000000,)=([],[],[],[32,31,],)->([48,47,],[],[],[48,47,],)->([5,4,],[1,],[33,16,],[5,4,],)=(30,2,200010000,30,), Prob:1
(0,0,0,300000000,)=([],[],[],[33,32,],)->([49,48,],[],[],[49,48,],)->([6,5,],[2,],[34,17,],[6,5,],)=(60,4,400020000,60,), Prob:1
(0,0,0,600000000,)=([],[],[],[34,33,],)->([50,49,],[],[],[50,49,],)->([7,6,],[3,],[35,18,],[7,6,],)=(c0,8,800040000,c0,), Prob:1
(0,0,0,c00000000,)=([],[],[],[35,34,],)->([51,50,],[],[],[51,50,],)->([8,7,],[4,],[36,19,],[8,7,],)=(180,10,1000080000,180,), Prob:1
(0,0,0,1800000000,)=([],[],[],[36,35,],)->([52,51,],[],[],[52,51,],)->([9,8,],[5,],[37,20,],[9,8,],)=(300,20,2000100000,300,), Prob:1
(0,0,0,3000000000,)=([],[],[],[37,36,],)->([53,52,],[],[],[53,52,],)->([10,9,],[6,],[38,21,],[10,9,],)=(600,40,4000200000,600,), Prob:1
(0,0,0,6000000000,)=([],[],[],[38,37,],)->([54,53,],[],[],[54,53,],)->([11,10,],[7,],[39,22,],[11,10,],)=(c00,80,8000400000,c00,), Prob:1
(0,0,0,c000000000,)=([],[],[],[39,38,],)->([55,54,],[],[],[55,54,],)->([12,11,],[8,],[40,23,],[12,11,],)=(1800,100,10000800000,1800,), Prob:1
(0,0,0,18000000000,)=([],[],[],[40,39,],)->([56,55,],[],[],[56,55,],)->([13,12,],[9,],[41,24,],[13,12,],)=(3000,200,20001000000,3000,), Prob:1
(0,0,0,30000000000,)=([],[],[],[41,40,],)->([57,56,],[],[],[57,56,],)->([14,13,],[10,],[42,25,],[14,13,],)=(6000,400,40002000000,6000,), Prob:1
(0,0,0,60000000000,)=([],[],[],[42,41,],)->([58,57,],[],[],[58,57,],)->([15,14,],[11,],[43,26,],[15,14,],)=(c000,800,80004000000,c000,), Prob:1
(0,0,0,c0000000000,)=([],[],[],[43,42,],)->([59,58,],[],[],[59,58,],)->([16,15,],[12,],[44,27,],[16,15,],)=(18000,1000,100008000000,18000,), Prob:1
(0,0,0,180000000000,)=([],[],[],[44,43,],)->([60,59,],[],[],[60,59,],)->([17,16,],[13,],[45,28,],[17,16,],)=(30000,2000,200010000000,30000,), Prob:1
(0,0,0,300000000000,)=([],[],[],[45,44,],)->([61,60,],[],[],[61,60,],)->([18,17,],[14,],[46,29,],[18,17,],)=(60000,4000,400020000000,60000,), Prob:1
(0,0,0,600000000000,)=([],[],[],[46,45,],)->([62,61,],[],[],[62,61,],)->([19,18,],[15,],[47,30,],[19,18,],)=(c0000,8000,800040000000,c0000,), Prob:1
(0,0,0,c00000000000,)=([],[],[],[47,46,],)->([63,62,],[],[],[63,62,],)->([20,19,],[16,],[48,31,],[20,19,],)=(180000,10000,1000080000000,180000,), Prob:1
(0,0,0,1800000000000,)=([],[],[],[48,47,],)->([63,0,],[],[],[63,0,],)->([21,20,],[17,16,15,],[49,48,47,32,31,],[21,20,],)=(300000,38000,3800180000000,300000,), Prob:1
(0,0,0,3000000000000,)=([],[],[],[49,48,],)->([1,0,],[],[],[1,0,],)->([22,21,],[18,],[50,33,],[22,21,],)=(600000,40000,4000200000000,600000,), Prob:1
(0,0,0,6000000000000,)=([],[],[],[50,49,],)->([2,1,],[],[],[2,1,],)->([23,22,],[19,],[51,34,],[23,22,],)=(c00000,80000,8000400000000,c00000,), Prob:1
(0,0,0,c000000000000,)=([],[],[],[51,50,],)->([3,2,],[],[],[3,2,],)->([24,23,],[20,],[52,35,],[24,23,],)=(1800000,100000,10000800000000,1800000,), Prob:1
(0,0,0,18000000000000,)=([],[],[],[52,51,],)->([4,3,],[],[],[4,3,],)->([25,24,],[21,],[53,36,],[25,24,],)=(3000000,200000,20001000000000,3000000,), Prob:1
(0,0,0,30000000000000,)=([],[],[],[53,52,],)->([5,4,],[],[],[5,4,],)->([26,25,],[22,],[54,37,],[26,25,],)=(6000000,400000,40002000000000,6000000,), Prob:1
(0,0,0,60000000000000,)=([],[],[],[54,53,],)->([6,5,],[],[],[6,5,],)->([27,26,],[23,],[55,38,],[27,26,],)=(c000000,800000,80004000000000,c000000,), Prob:1
(0,0,0,c0000000000000,)=([],[],[],[55,54,],)->([7,6,],[],[],[7,6,],)->([28,27,],[24,],[56,39,],[28,27,],)=(18000000,1000000,100008000000000,18000000,), Prob:1
(0,0,0,180000000000000,)=([],[],[],[56,55,],)->([8,7,],[],[],[8,7,],)->([29,28,],[25,],[57,40,],[29,28,],)=(30000000,2000000,200010000000000,30000000,), Prob:1
(0,0,0,300000000000000,)=([],[],[],[57,56,],)->([9,8,],[],[],[9,8,],)->([30,29,],[26,],[58,41,],[30,29,],)=(60000000,4000000,400020000000000,60000000,), Prob:1
(0,0,0,600000000000000,)=([],[],[],[58,57,],)->([10,9,],[],[],[10,9,],)->([31,30,],[27,],[59,42,],[31,30,],)=(c0000000,8000000,800040000000000,c0000000,), Prob:1
(0,0,0,c00000000000000,)=([],[],[],[59,58,],)->([11,10,],[],[],[11,10,],)->([32,31,],[28,],[60,43,],[32,31,],)=(180000000,10000000,1000080000000000,180000000,), Prob:1
(0,0,0,1800000000000000,)=([],[],[],[60,59,],)->([12,11,],[],[],[12,11,],)->([33,32,],[29,],[61,44,],[33,32,],)=(300000000,20000000,2000100000000000,300000000,), Prob:1
(0,0,0,3000000000000000,)=([],[],[],[61,60,],)->([13,12,],[],[],[13,12,],)->([34,33,],[30,],[62,45,],[34,33,],)=(600000000,40000000,4000200000000000,600000000,), Prob:1
(0,0,0,6000000000000000,)=([],[],[],[62,61,],)->([14,13,],[],[],[14,13,],)->([35,34,],[31,],[63,46,],[35,34,],)=(c00000000,80000000,8000400000000000,c00000000,), Prob:1
(0,0,0,c000000000000000,)=([],[],[],[63,62,],)->([15,14,],[],[],[15,14,],)->([36,35,],[32,],[47,0,],[36,35,],)=(1800000000,100000000,800000000001,1800000000,), Prob:1