(1,0,0,0,)=([0,],[],[],[],)->([],[17,],[49,32,],[],)=(0,20000,2000100000000,0,), Prob:0
(2,0,0,0,)=([1,],[],[],[],)->([],[18,],[50,33,],[],)=(0,40000,4000200000000,0,), Prob:1
(4,0,0,0,)=([2,],[],[],[],)->([],[19,],[51,34,33,],[],)=(0,80000,8000600000000,0,), Prob:1
(8,0,0,0,)=([3,],[],[],[],)->([],[20,],[52,35,34,],[],)=(0,100000,10000c00000000,0,), Prob:1
(10,0,0,0,)=([4,],[],[],[],)->([],[21,],[53,36,35,],[],)=(0,200000,20001800000000,0,), Prob:1
(20,0,0,0,)=([5,],[],[],[],)->([],[22,],[54,37,36,],[],)=(0,400000,40003000000000,0,), Prob:1
(40,0,0,0,)=([6,],[],[],[],)->([],[23,],[55,38,37,],[],)=(0,800000,80006000000000,0,), Prob:1
(80,0,0,0,)=([7,],[],[],[],)->([],[24,],[56,39,38,],[],)=(0,1000000,10000c000000000,0,), Prob:1
(100,0,0,0,)=([8,],[],[],[],)->([],[25,],[57,40,39,],[],)=(0,2000000,200018000000000,0,), Prob:1
(200,0,0,0,)=([9,],[],[],[],)->([],[26,],[58,41,40,],[],)=(0,4000000,400030000000000,0,), Prob:1
(400,0,0,0,)=([10,],[],[],[],)->([],[27,],[59,42,41,],[],)=(0,8000000,800060000000000,0,), Prob:1
(800,0,0,0,)=([11,],[],[],[],)->([],[28,],[60,43,42,],[],)=(0,10000000,10000c0000000000,0,), Prob:1
(1000,0,0,0,)=([12,],[],[],[],)->([],[29,],[61,44,43,],[],)=(0,20000000,2000180000000000,0,), Prob:1
(2000,0,0,0,)=([13,],[],[],[],)->([],[30,],[62,45,44,],[],)=(0,40000000,4000300000000000,0,), Prob:1
(4000,0,0,0,)=([14,],[],[],[],)->([],[31,],[63,46,45,],[],)=(0,80000000,8000600000000000,0,), Prob:1
(8000,0,0,0,)=([15,],[],[],[],)->([],[32,],[47,46,0,],[],)=(0,100000000,c00000000001,0,), Prob:1
(10000,0,0,0,)=([16,],[],[],[],)->([],[33,],[48,47,1,],[],)=(0,200000000,1800000000002,0,), Prob:1
(20000,0,0,0,)=([17,],[],[],[],)->([],[34,],[49,48,2,],[],)=(0,400000000,3000000000004,0,), Prob:1
(40000,0,0,0,)=([18,],[],[],[],)->([],[35,34,],[50,3,2,],[],)=(0,c00000000,400000000000c,0,), Prob:1
(80000,0,0,0,)=([19,],[],[],[],)->([],[36,35,],[51,4,3,],[],)=(0,1800000000,8000000000018,0,), Prob:1
(100000,0,0,0,)=([20,],[],[],[],)->([],[37,36,],[52,5,4,],[],)=(0,3000000000,10000000000030,0,), Prob:1
(200000,0,0,0,)=([21,],[],[],[],)->([],[38,37,],[53,6,5,],[],)=(0,6000000000,20000000000060,0,), Prob:1
(400000,0,0,0,)=([22,],[],[],[],)->([],[39,38,],[54,7,6,],[],)=(0,c000000000,400000000000c0,0,), Prob:1
(800000,0,0,0,)=([23,],[],[],[],)->([],[40,39,],[55,8,7,],[],)=(0,18000000000,80000000000180,0,), Prob:1
(1000000,0,0,0,)=([24,],[],[],[],)->([],[41,40,],[56,9,8,],[],)=(0,30000000000,100000000000300,0,), Prob:1
(2000000,0,0,0,)=([25,],[],[],[],)->([],[42,41,],[57,10,9,],[],)=(0,60000000000,200000000000600,0,), Prob:1
(4000000,0,0,0,)=([26,],[],[],[],)->([],[43,42,],[58,11,10,],[],)=(0,c0000000000,400000000000c00,0,), Prob:1
(8000000,0,0,0,)=([27,],[],[],[],)->([],[44,43,],[59,12,11,],[],)=(0,180000000000,800000000001800,0,), Prob:1
(10000000,0,0,0,)=([28,],[],[],[],)->([],[45,44,],[60,13,12,],[],)=(0,300000000000,1000000000003000,0,), Prob:1
(20000000,0,0,0,)=([29,],[],[],[],)->([],[46,45,],[61,14,13,],[],)=(0,600000000000,2000000000006000,0,), Prob:1
(40000000,0,0,0,)=([30,],[],[],[],)->([],[47,46,],[62,15,14,],[],)=(0,c00000000000,400000000000c000,0,), Prob:1
(80000000,0,0,0,)=([31,],[],[],[],)->([],[48,47,],[63,16,15,],[],)=(0,1800000000000,8000000000018000,0,), Prob:1
(100000000,0,0,0,)=([32,],[],[],[],)->([],[49,48,],[17,16,0,],[],)=(0,3000000000000,30001,0,), Prob:1
(200000000,0,0,0,)=([33,],[],[],[],)->([],[50,49,],[18,17,1,],[],)=(0,6000000000000,60002,0,), Prob:1
(400000000,0,0,0,)=([34,],[],[],[],)->([],[51,50,],[19,18,2,],[],)=(0,c000000000000,c0004,0,), Prob:1
(800000000,0,0,0,)=([35,],[],[],[],)->([],[52,51,],[20,19,3,],[],)=(0,18000000000000,180008,0,), Prob:1
(1000000000,0,0,0,)=([36,],[],[],[],)->([],[53,52,],[21,20,4,],[],)=(0,30000000000000,300010,0,), Prob:1
(2000000000,0,0,0,)=([37,],[],[],[],)->([],[54,53,],[22,21,5,],[],)=(0,60000000000000,600020,0,), Prob:1
(4000000000,0,0,0,)=([38,],[],[],[],)->([],[55,54,],[23,22,6,],[],)=(0,c0000000000000,c00040,0,), Prob:1
(8000000000,0,0,0,)=([39,],[],[],[],)->([],[56,55,],[24,23,7,],[],)=(0,180000000000000,1800080,0,), Prob:1
(10000000000,0,0,0,)=([40,],[],[],[],)->([],[57,56,],[25,24,8,],[],)=(0,300000000000000,3000100,0,), Prob:1
(20000000000,0,0,0,)=([41,],[],[],[],)->([],[58,57,],[26,25,9,],[],)=(0,600000000000000,6000200,0,), Prob:1
(40000000000,0,0,0,)=([42,],[],[],[],)->([],[59,58,],[27,26,10,],[],)=(0,c00000000000000,c000400,0,), Prob:1
(80000000000,0,0,0,)=([43,],[],[],[],)->([],[60,59,],[28,27,11,],[],)=(0,1800000000000000,18000800,0,), Prob:1
(100000000000,0,0,0,)=([44,],[],[],[],)->([],[61,60,],[29,28,12,],[],)=(0,3000000000000000,30001000,0,), Prob:1
(200000000000,0,0,0,)=([45,],[],[],[],)->([],[62,61,],[30,29,13,],[],)=(0,6000000000000000,60002000,0,), Prob:1
(400000000000,0,0,0,)=([46,],[],[],[],)->([],[63,62,],[31,30,14,],[],)=(0,c000000000000000,c0004000,0,), Prob:1
(800000000000,0,0,0,)=([47,],[],[],[],)->([],[63,0,],[32,31,15,],[],)=(0,8000000000000001,180008000,0,), Prob:1
(1000000000000,0,0,0,)=([48,],[],[],[],)->([],[1,0,],[33,32,16,],[],)=(0,3,300010000,0,), Prob:1
(2000000000000,0,0,0,)=([49,],[],[],[],)->([],[2,1,],[34,33,17,],[],)=(0,6,600020000,0,), Prob:1
(4000000000000,0,0,0,)=([50,],[],[],[],)->([],[3,2,],[35,34,18,],[],)=(0,c,c00040000,0,), Prob:1
(8000000000000,0,0,0,)=([51,],[],[],[],)->([],[4,3,],[36,35,19,],[],)=(0,18,1800080000,0,), Prob:1
(10000000000000,0,0,0,)=([52,],[],[],[],)->([],[5,4,],[37,36,20,],[],)=(0,30,3000100000,0,), Prob:1
(20000000000000,0,0,0,)=([53,],[],[],[],)->([],[6,5,],[38,37,21,],[],)=(0,60,6000200000,0,), Prob:1
(40000000000000,0,0,0,)=([54,],[],[],[],)->([],[7,6,],[39,38,22,],[],)=(0,c0,c000400000,0,), Prob:1
(80000000000000,0,0,0,)=([55,],[],[],[],)->([],[8,7,],[40,39,23,],[],)=(0,180,18000800000,0,), Prob:1
(100000000000000,0,0,0,)=([56,],[],[],[],)->([],[9,8,],[41,40,24,],[],)=(0,300,30001000000,0,), Prob:1
(200000000000000,0,0,0,)=([57,],[],[],[],)->([],[10,9,],[42,41,25,],[],)=(0,600,60002000000,0,), Prob:1
(400000000000000,0,0,0,)=([58,],[],[],[],)->([],[11,10,],[43,42,26,],[],)=(0,c00,c0004000000,0,), Prob:1
(800000000000000,0,0,0,)=([59,],[],[],[],)->([],[12,11,],[44,43,27,],[],)=(0,1800,180008000000,0,), Prob:1
(1000000000000000,0,0,0,)=([60,],[],[],[],)->([],[13,12,],[45,44,28,],[],)=(0,3000,300010000000,0,), Prob:1
(2000000000000000,0,0,0,)=([61,],[],[],[],)->([],[14,13,],[46,45,29,],[],)=(0,6000,600020000000,0,), Prob:1
(4000000000000000,0,0,0,)=([62,],[],[],[],)->([],[15,14,],[47,46,30,],[],)=(0,c000,c00040000000,0,), Prob:1
(8000000000000000,0,0,0,)=([63,],[],[],[],)->([],[16,15,],[48,47,31,],[],)=(0,18000,1800080000000,0,), Prob:1
(3,0,0,0,)=([1,0,],[],[],[],)->([],[18,],[50,33,],[],)=(0,40000,4000200000000,0,), Prob:1
(6,0,0,0,)=([2,1,],[],[],[],)->([],[19,],[51,34,],[],)=(0,80000,8000400000000,0,), Prob:1
(c,0,0,0,)=([3,2,],[],[],[],)->([],[20,],[52,35,],[],)=(0,100000,10000800000000,0,), Prob:1
(18,0,0,0,)=([4,3,],[],[],[],)->([],[21,],[53,36,],[],)=(0,200000,20001000000000,0,), Prob:1
(30,0,0,0,)=([5,4,],[],[],[],)->([],[22,],[54,37,],[],)=(0,400000,40002000000000,0,), Prob:1
(60,0,0,0,)=([6,5,],[],[],[],)->([],[23,],[55,38,],[],)=(0,800000,80004000000000,0,), Prob:1
(c0,0,0,0,)=([7,6,],[],[],[],)->([],[24,],[56,39,],[],)=(0,1000000,100008000000000,0,), Prob:1
(180,0,0,0,)=([8,7,],[],[],[],)->([],[25,],[57,40,],[],)=(0,2000000,200010000000000,0,), Prob:1
(300,0,0,0,)=([9,8,],[],[],[],)->([],[26,],[58,41,],[],)=(0,4000000,400020000000000,0,), Prob:1
(600,0,0,0,)=([10,9,],[],[],[],)->([],[27,],[59,42,],[],)=(0,8000000,800040000000000,0,), Prob:1
(c00,0,0,0,)=([11,10,],[],[],[],)->([],[28,],[60,43,],[],)=(0,10000000,1000080000000000,0,), Prob:1
(1800,0,0,0,)=([12,11,],[],[],[],)->([],[29,],[61,44,],[],)=(0,20000000,2000100000000000,0,), Prob:1
(3000,0,0,0,)=([13,12,],[],[],[],)->([],[30,],[62,45,],[],)=(0,40000000,4000200000000000,0,), Prob:1
(6000,0,0,0,)=([14,13,],[],[],[],)->([],[31,],[63,46,],[],)=(0,80000000,8000400000000000,0,), Prob:1
(c000,0,0,0,)=([15,14,],[],[],[],)->([],[32,],[47,0,],[],)=(0,100000000,800000000001,0,), Prob:1
(18000,0,0,0,)=([16,15,],[],[],[],)->([],[33,],[48,1,],[],)=(0,200000000,1000000000002,0,), Prob:1
(30000,0,0,0,)=([17,16,],[],[],[],)->([],[34,],[49,2,],[],)=(0,400000000,2000000000004,0,), Prob:1
(60000,0,0,0,)=([18,17,],[],[],[],)->([],[35,],[50,3,],[],)=(0,800000000,4000000000008,0,), Prob:1
(c0000,0,0,0,)=([19,18,],[],[],[],)->([],[36,],[51,4,],[],)=(0,1000000000,8000000000010,0,), Prob:1
(180000,0,0,0,)=([20,19,],[],[],[],)->([],[37,],[52,5,],[],)=(0,2000000000,10000000000020,0,), Prob:1
(300000,0,0,0,)=([21,20,],[],[],[],)->([],[38,],[53,6,],[],)=(0,4000000000,20000000000040,0,), Prob:1
(600000,0,0,0,)=([22,21,],[],[],[],)->([],[39,],[54,7,],[],)=(0,8000000000,40000000000080,0,), Prob:1
(c00000,0,0,0,)=([23,22,],[],[],[],)->([],[40,],[55,8,],[],)=(0,10000000000,80000000000100,0,), Prob:1
(1800000,0,0,0,)=([24,23,],[],[],[],)->([],[41,],[56,9,],[],)=(0,20000000000,100000000000200,0,), Prob:1
(3000000,0,0,0,)=([25,24,],[],[],[],)->([],[42,],[57,10,],[],)=(0,40000000000,200000000000400,0,), Prob:1
(6000000,0,0,0,)=([26,25,],[],[],[],)->([],[43,],[58,11,],[],)=(0,80000000000,400000000000800,0,), Prob:1
(c000000,0,0,0,)=([27,26,],[],[],[],)->([],[44,],[59,12,],[],)=(0,100000000000,800000000001000,0,), Prob:1
(18000000,0,0,0,)=([28,27,],[],[],[],)->([],[45,],[60,13,],[],)=(0,200000000000,1000000000002000,0,), Prob:1
(30000000,0,0,0,)=([29,28,],[],[],[],)->([],[46,],[61,14,],[],)=(0,400000000000,2000000000004000,0,), Prob:1
(60000000,0,0,0,)=([30,29,],[],[],[],)->([],[47,],[62,15,],[],)=(0,800000000000,4000000000008000,0,), Prob:1
(c0000000,0,0,0,)=([31,30,],[],[],[],)->([],[48,],[63,16,],[],)=(0,1000000000000,8000000000010000,0,), Prob:1
(180000000,0,0,0,)=([32,31,],[],[],[],)->([],[49,],[17,0,],[],)=(0,2000000000000,20001,0,), Prob:1
(300000000,0,0,0,)=([33,32,],[],[],[],)->([],[50,],[18,1,],[],)=(0,4000000000000,40002,0,), Prob:1
(600000000,0,0,0,)=([34,33,],[],[],[],)->([],[51,],[19,2,],[],)=(0,8000000000000,80004,0,), Prob:1
(c00000000,0,0,0,)=([35,34,],[],[],[],)->([],[52,],[20,3,],[],)=(0,10000000000000,100008,0,), Prob:1
(1800000000,0,0,0,)=([36,35,],[],[],[],)->([],[53,],[21,4,],[],)=(0,20000000000000,200010,0,), Prob:1
(3000000000,0,0,0,)=([37,36,],[],[],[],)->([],[54,],[22,5,],[],)=(0,40000000000000,400020,0,), Prob:1
(6000000000,0,0,0,)=([38,37,],[],[],[],)->([],[55,],[23,6,],[],)=(0,80000000000000,800040,0,), Prob:1
(c000000000,0,0,0,)=([39,38,],[],[],[],)->([],[56,],[24,7,],[],)=(0,100000000000000,1000080,0,), Prob:1
(18000000000,0,0,0,)=([40,39,],[],[],[],)->([],[57,],[25,8,],[],)=(0,200000000000000,2000100,0,), Prob:1
(30000000000,0,0,0,)=([41,40,],[],[],[],)->([],[58,],[26,9,],[],)=(0,400000000000000,4000200,0,), Prob:1
(60000000000,0,0,0,)=([42,41,],[],[],[],)->([],[59,],[27,10,],[],)=(0,800000000000000,8000400,0,), Prob:1
(c0000000000,0,0,0,)=([43,42,],[],[],[],)->([],[60,],[28,11,],[],)=(0,1000000000000000,10000800,0,), Prob:1
(180000000000,0,0,0,)=([44,43,],[],[],[],)->([],[61,],[29,12,],[],)=(0,2000000000000000,20001000,0,), Prob:1
(300000000000,0,0,0,)=([45,44,],[],[],[],)->([],[62,],[30,13,],[],)=(0,4000000000000000,40002000,0,), Prob:1
(600000000000,0,0,0,)=([46,45,],[],[],[],)->([],[63,],[31,14,],[],)=(0,8000000000000000,80004000,0,), Prob:1
(c00000000000,0,0,0,)=([47,46,],[],[],[],)->([],[0,],[32,15,],[],)=(0,1,100008000,0,), Prob:1
(1800000000000,0,0,0,)=([48,47,],[],[],[],)->([],[1,],[33,16,],[],)=(0,2,200010000,0,), Prob:1
(3000000000000,0,0,0,)=([49,48,],[],[],[],)->([],[2,],[34,17,],[],)=(0,4,400020000,0,), Prob:1
(6000000000000,0,0,0,)=([50,49,],[],[],[],)->([],[3,],[35,18,],[],)=(0,8,800040000,0,), Prob:1
(c000000000000,0,0,0,)=([51,50,],[],[],[],)->([],[4,],[36,19,],[],)=(0,10,1000080000,0,), Prob:1
(18000000000000,0,0,0,)=([52,51,],[],[],[],)->([],[5,],[37,20,],[],)=(0,20,2000100000,0,), Prob:1
(30000000000000,0,0,0,)=([53,52,],[],[],[],)->([],[6,],[38,21,],[],)=(0,40,4000200000,0,), Prob:1
(60000000000000,0,0,0,)=([54,53,],[],[],[],)->([],[7,],[39,22,],[],)=(0,80,8000400000,0,), Prob:1
(c0000000000000,0,0,0,)=([55,54,],[],[],[],)->([],[8,],[40,23,],[],)=(0,100,10000800000,0,), Prob:1
(180000000000000,0,0,0,)=([56,55,],[],[],[],)->([],[9,],[41,24,],[],)=(0,200,20001000000,0,), Prob:1
(300000000000000,0,0,0,)=([57,56,],[],[],[],)->([],[10,],[42,25,],[],)=(0,400,40002000000,0,), Prob:1
(600000000000000,0,0,0,)=([58,57,],[],[],[],)->([],[11,],[43,26,],[],)=(0,800,80004000000,0,), Prob:1
(c00000000000000,0,0,0,)=([59,58,],[],[],[],)->([],[12,],[44,27,],[],)=(0,1000,100008000000,0,), Prob:1
(1800000000000000,0,0,0,)=([60,59,],[],[],[],)->([],[13,],[45,28,],[],)=(0,2000,200010000000,0,), Prob:1
(3000000000000000,0,0,0,)=([61,60,],[],[],[],)->([],[14,],[46,29,],[],)=(0,4000,400020000000,0,), Prob:1
(6000000000000000,0,0,0,)=([62,61,],[],[],[],)->([],[15,],[47,30,],[],)=(0,8000,800040000000,0,), Prob:1
(c000000000000000,0,0,0,)=([63,62,],[],[],[],)->([],[16,],[48,31,],[],)=(0,10000,1000080000000,0,), Prob:1
(0,1,0,0,)=([],[0,],[],[],)->([],[17,],[49,],[],)=(0,20000,2000000000000,0,), Prob:0
(0,2,0,0,)=([],[1,],[],[],)->([],[18,],[50,],[],)=(0,40000,4000000000000,0,), Prob:0
(0,4,0,0,)=([],[2,],[],[],)->([],[19,],[51,],[],)=(0,80000,8000000000000,0,), Prob:0
(0,8,0,0,)=([],[3,],[],[],)->([],[20,],[52,],[],)=(0,100000,10000000000000,0,), Prob:0
(0,10,0,0,)=([],[4,],[],[],)->([],[21,],[53,],[],)=(0,200000,20000000000000,0,), Prob:0
(0,20,0,0,)=([],[5,],[],[],)->([],[22,],[54,],[],)=(0,400000,40000000000000,0,), Prob:0
(0,40,0,0,)=([],[6,],[],[],)->([],[23,],[55,],[],)=(0,800000,80000000000000,0,), Prob:0
(0,80,0,0,)=([],[7,],[],[],)->([],[24,],[56,],[],)=(0,1000000,100000000000000,0,), Prob:0
(0,100,0,0,)=([],[8,],[],[],)->([],[25,],[57,],[],)=(0,2000000,200000000000000,0,), Prob:0
(0,200,0,0,)=([],[9,],[],[],)->([],[26,],[58,],[],)=(0,4000000,400000000000000,0,), Prob:0
(0,400,0,0,)=([],[10,],[],[],)->([],[27,],[59,],[],)=(0,8000000,800000000000000,0,), Prob:0
(0,800,0,0,)=([],[11,],[],[],)->([],[28,],[60,],[],)=(0,10000000,1000000000000000,0,), Prob:0
(0,1000,0,0,)=([],[12,],[],[],)->([],[29,],[61,],[],)=(0,20000000,2000000000000000,0,), Prob:0
(0,2000,0,0,)=([],[13,],[],[],)->([],[30,],[62,],[],)=(0,40000000,4000000000000000,0,), Prob:0
(0,4000,0,0,)=([],[14,],[],[],)->([],[31,],[63,],[],)=(0,80000000,8000000000000000,0,), Prob:0
(0,8000,0,0,)=([],[15,],[],[],)->([],[32,],[0,],[],)=(0,100000000,1,0,), Prob:0
(0,10000,0,0,)=([],[16,],[],[],)->([],[33,],[1,],[],)=(0,200000000,2,0,), Prob:0
(0,20000,0,0,)=([],[17,],[],[],)->([],[34,],[2,],[],)=(0,400000000,4,0,), Prob:0
(0,40000,0,0,)=([],[18,],[],[],)->([],[35,],[3,],[],)=(0,800000000,8,0,), Prob:0
(0,80000,0,0,)=([],[19,],[],[],)->([],[36,],[4,],[],)=(0,1000000000,10,0,), Prob:0
(0,100000,0,0,)=([],[20,],[],[],)->([],[37,],[5,],[],)=(0,2000000000,20,0,), Prob:0
(0,200000,0,0,)=([],[21,],[],[],)->([],[38,],[6,],[],)=(0,4000000000,40,0,), Prob:0
(0,400000,0,0,)=([],[22,],[],[],)->([],[39,],[7,],[],)=(0,8000000000,80,0,), Prob:0
(0,800000,0,0,)=([],[23,],[],[],)->([],[40,],[8,],[],)=(0,10000000000,100,0,), Prob:0
(0,1000000,0,0,)=([],[24,],[],[],)->([],[41,],[9,],[],)=(0,20000000000,200,0,), Prob:0
(0,2000000,0,0,)=([],[25,],[],[],)->([],[42,],[10,],[],)=(0,40000000000,400,0,), Prob:0
(0,4000000,0,0,)=([],[26,],[],[],)->([],[43,],[11,],[],)=(0,80000000000,800,0,), Prob:0
(0,8000000,0,0,)=([],[27,],[],[],)->([],[44,],[12,],[],)=(0,100000000000,1000,0,), Prob:0
(0,10000000,0,0,)=([],[28,],[],[],)->([],[45,],[13,],[],)=(0,200000000000,2000,0,), Prob:0
(0,20000000,0,0,)=([],[29,],[],[],)->([],[46,],[14,],[],)=(0,400000000000,4000,0,), Prob:0
(0,40000000,0,0,)=([],[30,],[],[],)->([],[47,],[15,],[],)=(0,800000000000,8000,0,), Prob:0
(0,80000000,0,0,)=([],[31,],[],[],)->([],[48,],[16,],[],)=(0,1000000000000,10000,0,), Prob:0
(0,100000000,0,0,)=([],[32,],[],[],)->([],[49,],[17,],[],)=(0,2000000000000,20000,0,), Prob:0
(0,200000000,0,0,)=([],[33,],[],[],)->([],[50,],[18,],[],)=(0,4000000000000,40000,0,), Prob:0
(0,400000000,0,0,)=([],[34,],[],[],)->([],[51,],[19,],[],)=(0,8000000000000,80000,0,), Prob:0
(0,800000000,0,0,)=([],[35,],[],[],)->([],[52,],[20,],[],)=(0,10000000000000,100000,0,), Prob:0
(0,1000000000,0,0,)=([],[36,],[],[],)->([],[53,],[21,],[],)=(0,20000000000000,200000,0,), Prob:0
(0,2000000000,0,0,)=([],[37,],[],[],)->([],[54,],[22,],[],)=(0,40000000000000,400000,0,), Prob:0
(0,4000000000,0,0,)=([],[38,],[],[],)->([],[55,],[23,],[],)=(0,80000000000000,800000,0,), Prob:0
(0,8000000000,0,0,)=([],[39,],[],[],)->([],[56,],[24,],[],)=(0,100000000000000,1000000,0,), Prob:0
(0,10000000000,0,0,)=([],[40,],[],[],)->([],[57,],[25,],[],)=(0,200000000000000,2000000,0,), Prob:0
(0,20000000000,0,0,)=([],[41,],[],[],)->([],[58,],[26,],[],)=(0,400000000000000,4000000,0,), Prob:0
(0,40000000000,0,0,)=([],[42,],[],[],)->([],[59,],[27,],[],)=(0,800000000000000,8000000,0,), Prob:0
(0,80000000000,0,0,)=([],[43,],[],[],)->([],[60,],[28,],[],)=(0,1000000000000000,10000000,0,), Prob:0
(0,100000000000,0,0,)=([],[44,],[],[],)->([],[61,],[29,],[],)=(0,2000000000000000,20000000,0,), Prob:0
(0,200000000000,0,0,)=([],[45,],[],[],)->([],[62,],[30,],[],)=(0,4000000000000000,40000000,0,), Prob:0
(0,400000000000,0,0,)=([],[46,],[],[],)->([],[63,],[31,],[],)=(0,8000000000000000,80000000,0,), Prob:0
(0,800000000000,0,0,)=([],[47,],[],[],)->([],[0,],[32,],[],)=(0,1,100000000,0,), Prob:0
(0,1000000000000,0,0,)=([],[48,],[],[],)->([],[1,],[33,],[],)=(0,2,200000000,0,), Prob:0
(0,2000000000000,0,0,)=([],[49,],[],[],)->([],[2,],[34,],[],)=(0,4,400000000,0,), Prob:0
(0,4000000000000,0,0,)=([],[50,],[],[],)->([],[3,],[35,],[],)=(0,8,800000000,0,), Prob:0
(0,8000000000000,0,0,)=([],[51,],[],[],)->([],[4,],[36,],[],)=(0,10,1000000000,0,), Prob:0
(0,10000000000000,0,0,)=([],[52,],[],[],)->([],[5,],[37,],[],)=(0,20,2000000000,0,), Prob:0
(0,20000000000000,0,0,)=([],[53,],[],[],)->([],[6,],[38,],[],)=(0,40,4000000000,0,), Prob:0
(0,40000000000000,0,0,)=([],[54,],[],[],)->([],[7,],[39,],[],)=(0,80,8000000000,0,), Prob:0
(0,80000000000000,0,0,)=([],[55,],[],[],)->([],[8,],[40,],[],)=(0,100,10000000000,0,), Prob:0
(0,100000000000000,0,0,)=([],[56,],[],[],)->([],[9,],[41,],[],)=(0,200,20000000000,0,), Prob:0
(0,200000000000000,0,0,)=([],[57,],[],[],)->([],[10,],[42,],[],)=(0,400,40000000000,0,), Prob:0
(0,400000000000000,0,0,)=([],[58,],[],[],)->([],[11,],[43,],[],)=(0,800,80000000000,0,), Prob:0
(0,800000000000000,0,0,)=([],[59,],[],[],)->([],[12,],[44,],[],)=(0,1000,100000000000,0,), Prob:0
(0,1000000000000000,0,0,)=([],[60,],[],[],)->([],[13,],[45,],[],)=(0,2000,200000000000,0,), Prob:0
(0,2000000000000000,0,0,)=([],[61,],[],[],)->([],[14,],[46,],[],)=(0,4000,400000000000,0,), Prob:0
(0,4000000000000000,0,0,)=([],[62,],[],[],)->([],[15,],[47,],[],)=(0,8000,800000000000,0,), Prob:0
(0,8000000000000000,0,0,)=([],[63,],[],[],)->([],[16,],[48,],[],)=(0,10000,1000000000000,0,), Prob:0
(0,3,0,0,)=([],[1,0,],[],[],)->([],[18,17,],[50,49,],[],)=(0,60000,6000000000000,0,), Prob:0
(0,6,0,0,)=([],[2,1,],[],[],)->([],[19,18,],[51,50,],[],)=(0,c0000,c000000000000,0,), Prob:0
(0,c,0,0,)=([],[3,2,],[],[],)->([],[20,19,],[52,51,],[],)=(0,180000,18000000000000,0,), Prob:0
(0,18,0,0,)=([],[4,3,],[],[],)->([],[21,20,],[53,52,],[],)=(0,300000,30000000000000,0,), Prob:0
(0,30,0,0,)=([],[5,4,],[],[],)->([],[22,21,],[54,53,],[],)=(0,600000,60000000000000,0,), Prob:0
(0,60,0,0,)=([],[6,5,],[],[],)->([],[23,22,],[55,54,],[],)=(0,c00000,c0000000000000,0,), Prob:0
(0,c0,0,0,)=([],[7,6,],[],[],)->([],[24,23,],[56,55,],[],)=(0,1800000,180000000000000,0,), Prob:0
(0,180,0,0,)=([],[8,7,],[],[],)->([],[25,24,],[57,56,],[],)=(0,3000000,300000000000000,0,), Prob:0
(0,300,0,0,)=([],[9,8,],[],[],)->([],[26,25,],[58,57,],[],)=(0,6000000,600000000000000,0,), Prob:0
(0,600,0,0,)=([],[10,9,],[],[],)->([],[27,26,],[59,58,],[],)=(0,c000000,c00000000000000,0,), Prob:0
(0,c00,0,0,)=([],[11,10,],[],[],)->([],[28,27,],[60,59,],[],)=(0,18000000,1800000000000000,0,), Prob:0
(0,1800,0,0,)=([],[12,11,],[],[],)->([],[29,28,],[61,60,],[],)=(0,30000000,3000000000000000,0,), Prob:0
(0,3000,0,0,)=([],[13,12,],[],[],)->([],[30,29,],[62,61,],[],)=(0,60000000,6000000000000000,0,), Prob:0
(0,6000,0,0,)=([],[14,13,],[],[],)->([],[31,30,],[63,62,],[],)=(0,c0000000,c000000000000000,0,), Prob:0
(0,c000,0,0,)=([],[15,14,],[],[],)->([],[32,31,],[63,0,],[],)=(0,180000000,8000000000000001,0,), Prob:0
(0,18000,0,0,)=([],[16,15,],[],[],)->([],[33,32,],[1,0,],[],)=(0,300000000,3,0,), Prob:0
(0,30000,0,0,)=([],[17,16,],[],[],)->([],[34,33,],[2,1,],[],)=(0,600000000,6,0,), Prob:0
(0,60000,0,0,)=([],[18,17,],[],[],)->([],[35,34,],[3,2,],[],)=(0,c00000000,c,0,), Prob:0
(0,c0000,0,0,)=([],[19,18,],[],[],)->([],[36,35,],[4,3,],[],)=(0,1800000000,18,0,), Prob:0
(0,180000,0,0,)=([],[20,19,],[],[],)->([],[37,36,],[5,4,],[],)=(0,3000000000,30,0,), Prob:0
(0,300000,0,0,)=([],[21,20,],[],[],)->([],[38,37,],[6,5,],[],)=(0,6000000000,60,0,), Prob:0
(0,600000,0,0,)=([],[22,21,],[],[],)->([],[39,38,],[7,6,],[],)=(0,c000000000,c0,0,), Prob:0
(0,c00000,0,0,)=([],[23,22,],[],[],)->([],[40,39,],[8,7,],[],)=(0,18000000000,180,0,), Prob:0
(0,1800000,0,0,)=([],[24,23,],[],[],)->([],[41,40,],[9,8,],[],)=(0,30000000000,300,0,), Prob:0
(0,3000000,0,0,)=([],[25,24,],[],[],)->([],[42,41,],[10,9,],[],)=(0,60000000000,600,0,), Prob:0
(0,6000000,0,0,)=([],[26,25,],[],[],)->([],[43,42,],[11,10,],[],)=(0,c0000000000,c00,0,), Prob:0
(0,c000000,0,0,)=([],[27,26,],[],[],)->([],[44,43,],[12,11,],[],)=(0,180000000000,1800,0,), Prob:0
(0,18000000,0,0,)=([],[28,27,],[],[],)->([],[45,44,],[13,12,],[],)=(0,300000000000,3000,0,), Prob:0
(0,30000000,0,0,)=([],[29,28,],[],[],)->([],[46,45,],[14,13,],[],)=(0,600000000000,6000,0,), Prob:0
(0,60000000,0,0,)=([],[30,29,],[],[],)->([],[47,46,],[15,14,],[],)=(0,c00000000000,c000,0,), Prob:0
(0,c0000000,0,0,)=([],[31,30,],[],[],)->([],[48,47,],[16,15,],[],)=(0,1800000000000,18000,0,), Prob:0
(0,180000000,0,0,)=([],[32,31,],[],[],)->([],[49,48,],[17,16,],[],)=(0,3000000000000,30000,0,), Prob:0
(0,300000000,0,0,)=([],[33,32,],[],[],)->([],[50,49,],[18,17,],[],)=(0,6000000000000,60000,0,), Prob:0
(0,600000000,0,0,)=([],[34,33,],[],[],)->([],[51,50,],[19,18,],[],)=(0,c000000000000,c0000,0,), Prob:0
(0,c00000000,0,0,)=([],[35,34,],[],[],)->([],[52,51,],[20,19,],[],)=(0,18000000000000,180000,0,), Prob:0
(0,1800000000,0,0,)=([],[36,35,],[],[],)->([],[53,52,],[21,20,],[],)=(0,30000000000000,300000,0,), Prob:0
(0,3000000000,0,0,)=([],[37,36,],[],[],)->([],[54,53,],[22,21,],[],)=(0,60000000000000,600000,0,), Prob:0
(0,6000000000,0,0,)=([],[38,37,],[],[],)->([],[55,54,],[23,22,],[],)=(0,c0000000000000,c00000,0,), Prob:0
(0,c000000000,0,0,)=([],[39,38,],[],[],)->([],[56,55,],[24,23,],[],)=(0,180000000000000,1800000,0,), Prob:0
(0,18000000000,0,0,)=([],[40,39,],[],[],)->([],[57,56,],[25,24,],[],)=(0,300000000000000,3000000,0,), Prob:0
(0,30000000000,0,0,)=([],[41,40,],[],[],)->([],[58,57,],[26,25,],[],)=(0,600000000000000,6000000,0,), Prob:0
(0,60000000000,0,0,)=([],[42,41,],[],[],)->([],[59,58,],[27,26,],[],)=(0,c00000000000000,c000000,0,), Prob:0
(0,c0000000000,0,0,)=([],[43,42,],[],[],)->([],[60,59,],[28,27,],[],)=(0,1800000000000000,18000000,0,), Prob:0
(0,180000000000,0,0,)=([],[44,43,],[],[],)->([],[61,60,],[29,28,],[],)=(0,3000000000000000,30000000,0,), Prob:0
(0,300000000000,0,0,)=([],[45,44,],[],[],)->([],[62,61,],[30,29,],[],)=(0,6000000000000000,60000000,0,), Prob:0
(0,600000000000,0,0,)=([],[46,45,],[],[],)->([],[63,62,],[31,30,],[],)=(0,c000000000000000,c0000000,0,), Prob:0
(0,c00000000000,0,0,)=([],[47,46,],[],[],)->([],[63,0,],[32,31,],[],)=(0,8000000000000001,180000000,0,), Prob:0
(0,1800000000000,0,0,)=([],[48,47,],[],[],)->([],[1,0,],[33,32,],[],)=(0,3,300000000,0,), Prob:0
(0,3000000000000,0,0,)=([],[49,48,],[],[],)->([],[2,1,],[34,33,],[],)=(0,6,600000000,0,), Prob:0
(0,6000000000000,0,0,)=([],[50,49,],[],[],)->([],[3,2,],[35,34,],[],)=(0,c,c00000000,0,), Prob:0
(0,c000000000000,0,0,)=([],[51,50,],[],[],)->([],[4,3,],[36,35,],[],)=(0,18,1800000000,0,), Prob:0
(0,18000000000000,0,0,)=([],[52,51,],[],[],)->([],[5,4,],[37,36,],[],)=(0,30,3000000000,0,), Prob:0
(0,30000000000000,0,0,)=([],[53,52,],[],[],)->([],[6,5,],[38,37,],[],)=(0,60,6000000000,0,), Prob:0
(0,60000000000000,0,0,)=([],[54,53,],[],[],)->([],[7,6,],[39,38,],[],)=(0,c0,c000000000,0,), Prob:0
(0,c0000000000000,0,0,)=([],[55,54,],[],[],)->([],[8,7,],[40,39,],[],)=(0,180,18000000000,0,), Prob:0
(0,180000000000000,0,0,)=([],[56,55,],[],[],)->([],[9,8,],[41,40,],[],)=(0,300,30000000000,0,), Prob:0
(0,300000000000000,0,0,)=([],[57,56,],[],[],)->([],[10,9,],[42,41,],[],)=(0,600,60000000000,0,), Prob:0
(0,600000000000000,0,0,)=([],[58,57,],[],[],)->([],[11,10,],[43,42,],[],)=(0,c00,c0000000000,0,), Prob:0
(0,c00000000000000,0,0,)=([],[59,58,],[],[],)->([],[12,11,],[44,43,],[],)=(0,1800,180000000000,0,), Prob:0
(0,1800000000000000,0,0,)=([],[60,59,],[],[],)->([],[13,12,],[45,44,],[],)=(0,3000,300000000000,0,), Prob:0
(0,3000000000000000,0,0,)=([],[61,60,],[],[],)->([],[14,13,],[46,45,],[],)=(0,6000,600000000000,0,), Prob:0
(0,6000000000000000,0,0,)=([],[62,61,],[],[],)->([],[15,14,],[47,46,],[],)=(0,c000,c00000000000,0,), Prob:0
(0,c000000000000000,0,0,)=([],[63,62,],[],[],)->([],[16,15,],[48,47,],[],)=(0,18000,1800000000000,0,), Prob:0
(0,0,1,0,)=([],[],[0,],[],)->([21,0,],[],[],[21,],)=(200001,0,0,200000,), Prob:0
(0,0,2,0,)=([],[],[1,],[],)->([22,1,],[],[],[22,],)=(400002,0,0,400000,), Prob:1
(0,0,4,0,)=([],[],[2,],[],)->([23,2,1,],[],[],[23,],)=(800006,0,0,800000,), Prob:1
(0,0,8,0,)=([],[],[3,],[],)->([24,3,2,],[],[],[24,],)=(100000c,0,0,1000000,), Prob:1
(0,0,10,0,)=([],[],[4,],[],)->([25,4,3,],[],[],[25,],)=(2000018,0,0,2000000,), Prob:1
(0,0,20,0,)=([],[],[5,],[],)->([26,5,4,],[],[],[26,],)=(4000030,0,0,4000000,), Prob:1
(0,0,40,0,)=([],[],[6,],[],)->([27,6,5,],[],[],[27,],)=(8000060,0,0,8000000,), Prob:1
(0,0,80,0,)=([],[],[7,],[],)->([28,7,6,],[],[],[28,],)=(100000c0,0,0,10000000,), Prob:1
(0,0,100,0,)=([],[],[8,],[],)->([29,8,7,],[],[],[29,],)=(20000180,0,0,20000000,), Prob:1
(0,0,200,0,)=([],[],[9,],[],)->([30,9,8,],[],[],[30,],)=(40000300,0,0,40000000,), Prob:1
(0,0,400,0,)=([],[],[10,],[],)->([31,10,9,],[],[],[31,],)=(80000600,0,0,80000000,), Prob:1
(0,0,800,0,)=([],[],[11,],[],)->([32,11,10,],[],[],[32,],)=(100000c00,0,0,100000000,), Prob:1
(0,0,1000,0,)=([],[],[12,],[],)->([33,12,11,],[],[],[33,],)=(200001800,0,0,200000000,), Prob:1
(0,0,2000,0,)=([],[],[13,],[],)->([34,13,12,],[],[],[34,],)=(400003000,0,0,400000000,), Prob:1
(0,0,4000,0,)=([],[],[14,],[],)->([35,14,13,],[],[],[35,],)=(800006000,0,0,800000000,), Prob:1
(0,0,8000,0,)=([],[],[15,],[],)->([36,15,14,],[],[],[36,],)=(100000c000,0,0,1000000000,), Prob:1
(0,0,10000,0,)=([],[],[16,],[],)->([37,16,15,],[],[],[37,],)=(2000018000,0,0,2000000000,), Prob:1
(0,0,20000,0,)=([],[],[17,],[],)->([38,17,16,],[],[],[38,],)=(4000030000,0,0,4000000000,), Prob:1
(0,0,40000,0,)=([],[],[18,],[],)->([39,18,17,],[],[],[39,],)=(8000060000,0,0,8000000000,), Prob:1
(0,0,80000,0,)=([],[],[19,],[],)->([40,19,18,],[],[],[40,],)=(100000c0000,0,0,10000000000,), Prob:1
(0,0,100000,0,)=([],[],[20,],[],)->([41,20,19,],[],[],[41,],)=(20000180000,0,0,20000000000,), Prob:1
(0,0,200000,0,)=([],[],[21,],[],)->([42,21,20,],[],[],[42,],)=(40000300000,0,0,40000000000,), Prob:1
(0,0,400000,0,)=([],[],[22,],[],)->([43,42,22,],[],[],[43,42,],)=(c0000400000,0,0,c0000000000,), Prob:1
(0,0,800000,0,)=([],[],[23,],[],)->([44,43,23,],[],[],[44,43,],)=(180000800000,0,0,180000000000,), Prob:1
(0,0,1000000,0,)=([],[],[24,],[],)->([45,44,24,],[],[],[45,44,],)=(300001000000,0,0,300000000000,), Prob:1
(0,0,2000000,0,)=([],[],[25,],[],)->([46,45,25,],[],[],[46,45,],)=(600002000000,0,0,600000000000,), Prob:1
(0,0,4000000,0,)=([],[],[26,],[],)->([47,46,26,],[],[],[47,46,],)=(c00004000000,0,0,c00000000000,), Prob:1
(0,0,8000000,0,)=([],[],[27,],[],)->([48,47,27,],[],[],[48,47,],)=(1800008000000,0,0,1800000000000,), Prob:1
(0,0,10000000,0,)=([],[],[28,],[],)->([49,48,28,],[],[],[49,48,],)=(3000010000000,0,0,3000000000000,), Prob:1
(0,0,20000000,0,)=([],[],[29,],[],)->([50,49,29,],[],[],[50,49,],)=(6000020000000,0,0,6000000000000,), Prob:1
(0,0,40000000,0,)=([],[],[30,],[],)->([51,50,30,],[],[],[51,50,],)=(c000040000000,0,0,c000000000000,), Prob:1
(0,0,80000000,0,)=([],[],[31,],[],)->([52,51,31,],[],[],[52,51,],)=(18000080000000,0,0,18000000000000,), Prob:1
(0,0,100000000,0,)=([],[],[32,],[],)->([53,52,32,],[],[],[53,52,],)=(30000100000000,0,0,30000000000000,), Prob:1
(0,0,200000000,0,)=([],[],[33,],[],)->([54,53,33,],[],[],[54,53,],)=(60000200000000,0,0,60000000000000,), Prob:1
(0,0,400000000,0,)=([],[],[34,],[],)->([55,54,34,],[],[],[55,54,],)=(c0000400000000,0,0,c0000000000000,), Prob:1
(0,0,800000000,0,)=([],[],[35,],[],)->([56,55,35,],[],[],[56,55,],)=(180000800000000,0,0,180000000000000,), Prob:1
(0,0,1000000000,0,)=([],[],[36,],[],)->([57,56,36,],[],[],[57,56,],)=(300001000000000,0,0,300000000000000,), Prob:1
(0,0,2000000000,0,)=([],[],[37,],[],)->([58,57,37,],[],[],[58,57,],)=(600002000000000,0,0,600000000000000,), Prob:1
(0,0,4000000000,0,)=([],[],[38,],[],)->([59,58,38,],[],[],[59,58,],)=(c00004000000000,0,0,c00000000000000,), Prob:1
(0,0,8000000000,0,)=([],[],[39,],[],)->([60,59,39,],[],[],[60,59,],)=(1800008000000000,0,0,1800000000000000,), Prob:1
(0,0,10000000000,0,)=([],[],[40,],[],)->([61,60,40,],[],[],[61,60,],)=(3000010000000000,0,0,3000000000000000,), Prob:1
(0,0,20000000000,0,)=([],[],[41,],[],)->([62,61,41,],[],[],[62,61,],)=(6000020000000000,0,0,6000000000000000,), Prob:1
(0,0,40000000000,0,)=([],[],[42,],[],)->([63,62,42,],[],[],[63,62,],)=(c000040000000000,0,0,c000000000000000,), Prob:1
(0,0,80000000000,0,)=([],[],[43,],[],)->([63,43,0,],[],[],[63,0,],)=(8000080000000001,0,0,8000000000000001,), Prob:1
(0,0,100000000000,0,)=([],[],[44,],[],)->([44,1,0,],[],[],[1,0,],)=(100000000003,0,0,3,), Prob:1
(0,0,200000000000,0,)=([],[],[45,],[],)->([45,2,1,],[],[],[2,1,],)=(200000000006,0,0,6,), Prob:1
(0,0,400000000000,0,)=([],[],[46,],[],)->([46,3,2,],[],[],[3,2,],)=(40000000000c,0,0,c,), Prob:1
(0,0,800000000000,0,)=([],[],[47,],[],)->([47,4,3,],[],[],[4,3,],)=(800000000018,0,0,18,), Prob:1
(0,0,1000000000000,0,)=([],[],[48,],[],)->([48,5,4,],[],[],[5,4,],)=(1000000000030,0,0,30,), Prob:1
(0,0,2000000000000,0,)=([],[],[49,],[],)->([49,6,5,],[],[],[6,5,],)=(2000000000060,0,0,60,), Prob:1
(0,0,4000000000000,0,)=([],[],[50,],[],)->([50,7,6,],[],[],[7,6,],)=(40000000000c0,0,0,c0,), Prob:1
(0,0,8000000000000,0,)=([],[],[51,],[],)->([51,8,7,],[],[],[8,7,],)=(8000000000180,0,0,180,), Prob:1
(0,0,10000000000000,0,)=([],[],[52,],[],)->([52,9,8,],[],[],[9,8,],)=(10000000000300,0,0,300,), Prob:1
(0,0,20000000000000,0,)=([],[],[53,],[],)->([53,10,9,],[],[],[10,9,],)=(20000000000600,0,0,600,), Prob:1
(0,0,40000000000000,0,)=([],[],[54,],[],)->([54,11,10,],[],[],[11,10,],)=(40000000000c00,0,0,c00,), Prob:1
(0,0,80000000000000,0,)=([],[],[55,],[],)->([55,12,11,],[],[],[12,11,],)=(80000000001800,0,0,1800,), Prob:1
(0,0,100000000000000,0,)=([],[],[56,],[],)->([56,13,12,],[],[],[13,12,],)=(100000000003000,0,0,3000,), Prob:1
(0,0,200000000000000,0,)=([],[],[57,],[],)->([57,14,13,],[],[],[14,13,],)=(200000000006000,0,0,6000,), Prob:1
(0,0,400000000000000,0,)=([],[],[58,],[],)->([58,15,14,],[],[],[15,14,],)=(40000000000c000,0,0,c000,), Prob:1
(0,0,800000000000000,0,)=([],[],[59,],[],)->([59,16,15,],[],[],[16,15,],)=(800000000018000,0,0,18000,), Prob:1
(0,0,1000000000000000,0,)=([],[],[60,],[],)->([60,17,16,],[],[],[17,16,],)=(1000000000030000,0,0,30000,), Prob:1
(0,0,2000000000000000,0,)=([],[],[61,],[],)->([61,18,17,],[],[],[18,17,],)=(2000000000060000,0,0,60000,), Prob:1
(0,0,4000000000000000,0,)=([],[],[62,],[],)->([62,19,18,],[],[],[19,18,],)=(40000000000c0000,0,0,c0000,), Prob:1
(0,0,8000000000000000,0,)=([],[],[63,],[],)->([63,20,19,],[],[],[20,19,],)=(8000000000180000,0,0,180000,), Prob:1
(0,0,3,0,)=([],[],[1,0,],[],)->([22,1,],[],[],[22,],)=(400002,0,0,400000,), Prob:1
(0,0,6,0,)=([],[],[2,1,],[],)->([23,2,],[],[],[23,],)=(800004,0,0,800000,), Prob:1
(0,0,c,0,)=([],[],[3,2,],[],)->([24,3,],[],[],[24,],)=(1000008,0,0,1000000,), Prob:1
(0,0,18,0,)=([],[],[4,3,],[],)->([25,4,],[],[],[25,],)=(2000010,0,0,2000000,), Prob:1
(0,0,30,0,)=([],[],[5,4,],[],)->([26,5,],[],[],[26,],)=(4000020,0,0,4000000,), Prob:1
(0,0,60,0,)=([],[],[6,5,],[],)->([27,6,],[],[],[27,],)=(8000040,0,0,8000000,), Prob:1
(0,0,c0,0,)=([],[],[7,6,],[],)->([28,7,],[],[],[28,],)=(10000080,0,0,10000000,), Prob:1
(0,0,180,0,)=([],[],[8,7,],[],)->([29,8,],[],[],[29,],)=(20000100,0,0,20000000,), Prob:1
(0,0,300,0,)=([],[],[9,8,],[],)->([30,9,],[],[],[30,],)=(40000200,0,0,40000000,), Prob:1
(0,0,600,0,)=([],[],[10,9,],[],)->([31,10,],[],[],[31,],)=(80000400,0,0,80000000,), Prob:1
(0,0,c00,0,)=([],[],[11,10,],[],)->([32,11,],[],[],[32,],)=(100000800,0,0,100000000,), Prob:1
(0,0,1800,0,)=([],[],[12,11,],[],)->([33,12,],[],[],[33,],)=(200001000,0,0,200000000,), Prob:1
(0,0,3000,0,)=([],[],[13,12,],[],)->([34,13,],[],[],[34,],)=(400002000,0,0,400000000,), Prob:1
(0,0,6000,0,)=([],[],[14,13,],[],)->([35,14,],[],[],[35,],)=(800004000,0,0,800000000,), Prob:1
(0,0,c000,0,)=([],[],[15,14,],[],)->([36,15,],[],[],[36,],)=(1000008000,0,0,1000000000,), Prob:1
(0,0,18000,0,)=([],[],[16,15,],[],)->([37,16,],[],[],[37,],)=(2000010000,0,0,2000000000,), Prob:1
(0,0,30000,0,)=([],[],[17,16,],[],)->([38,17,],[],[],[38,],)=(4000020000,0,0,4000000000,), Prob:1
(0,0,60000,0,)=([],[],[18,17,],[],)->([39,18,],[],[],[39,],)=(8000040000,0,0,8000000000,), Prob:1
(0,0,c0000,0,)=([],[],[19,18,],[],)->([40,19,],[],[],[40,],)=(10000080000,0,0,10000000000,), Prob:1
(0,0,180000,0,)=([],[],[20,19,],[],)->([41,20,],[],[],[41,],)=(20000100000,0,0,20000000000,), Prob:1
(0,0,300000,0,)=([],[],[21,20,],[],)->([42,21,],[],[],[42,],)=(40000200000,0,0,40000000000,), Prob:1
(0,0,600000,0,)=([],[],[22,21,],[],)->([43,22,],[],[],[43,],)=(80000400000,0,0,80000000000,), Prob:1
(0,0,c00000,0,)=([],[],[23,22,],[],)->([44,23,],[],[],[44,],)=(100000800000,0,0,100000000000,), Prob:1
(0,0,1800000,0,)=([],[],[24,23,],[],)->([45,24,],[],[],[45,],)=(200001000000,0,0,200000000000,), Prob:1
(0,0,3000000,0,)=([],[],[25,24,],[],)->([46,25,],[],[],[46,],)=(400002000000,0,0,400000000000,), Prob:1
(0,0,6000000,0,)=([],[],[26,25,],[],)->([47,26,],[],[],[47,],)=(800004000000,0,0,800000000000,), Prob:1
(0,0,c000000,0,)=([],[],[27,26,],[],)->([48,27,],[],[],[48,],)=(1000008000000,0,0,1000000000000,), Prob:1
(0,0,18000000,0,)=([],[],[28,27,],[],)->([49,28,],[],[],[49,],)=(2000010000000,0,0,2000000000000,), Prob:1
(0,0,30000000,0,)=([],[],[29,28,],[],)->([50,29,],[],[],[50,],)=(4000020000000,0,0,4000000000000,), Prob:1
(0,0,60000000,0,)=([],[],[30,29,],[],)->([51,30,],[],[],[51,],)=(8000040000000,0,0,8000000000000,), Prob:1
(0,0,c0000000,0,)=([],[],[31,30,],[],)->([52,31,],[],[],[52,],)=(10000080000000,0,0,10000000000000,), Prob:1
(0,0,180000000,0,)=([],[],[32,31,],[],)->([53,32,],[],[],[53,],)=(20000100000000,0,0,20000000000000,), Prob:1
(0,0,300000000,0,)=([],[],[33,32,],[],)->([54,33,],[],[],[54,],)=(40000200000000,0,0,40000000000000,), Prob:1
(0,0,600000000,0,)=([],[],[34,33,],[],)->([55,34,],[],[],[55,],)=(80000400000000,0,0,80000000000000,), Prob:1
(0,0,c00000000,0,)=([],[],[35,34,],[],)->([56,35,],[],[],[56,],)=(100000800000000,0,0,100000000000000,), Prob:1
(0,0,1800000000,0,)=([],[],[36,35,],[],)->([57,36,],[],[],[57,],)=(200001000000000,0,0,200000000000000,), Prob:1
(0,0,3000000000,0,)=([],[],[37,36,],[],)->([58,37,],[],[],[58,],)=(400002000000000,0,0,400000000000000,), Prob:1
(0,0,6000000000,0,)=([],[],[38,37,],[],)->([59,38,],[],[],[59,],)=(800004000000000,0,0,800000000000000,), Prob:1
(0,0,c000000000,0,)=([],[],[39,38,],[],)->([60,39,],[],[],[60,],)=(1000008000000000,0,0,1000000000000000,), Prob:1
(0,0,18000000000,0,)=([],[],[40,39,],[],)->([61,40,],[],[],[61,],)=(2000010000000000,0,0,2000000000000000,), Prob:1
(0,0,30000000000,0,)=([],[],[41,40,],[],)->([62,41,],[],[],[62,],)=(4000020000000000,0,0,4000000000000000,), Prob:1
(0,0,60000000000,0,)=([],[],[42,41,],[],)->([63,42,],[],[],[63,],)=(8000040000000000,0,0,8000000000000000,), Prob:1
(0,0,c0000000000,0,)=([],[],[43,42,],[],)->([43,0,],[],[],[0,],)=(80000000001,0,0,1,), Prob:1
(0,0,180000000000,0,)=([],[],[44,43,],[],)->([44,1,],[],[],[1,],)=(100000000002,0,0,2,), Prob:1
(0,0,300000000000,0,)=([],[],[45,44,],[],)->([45,2,],[],[],[2,],)=(200000000004,0,0,4,), Prob:1
(0,0,600000000000,0,)=([],[],[46,45,],[],)->([46,3,],[],[],[3,],)=(400000000008,0,0,8,), Prob:1
(0,0,c00000000000,0,)=([],[],[47,46,],[],)->([47,4,],[],[],[4,],)=(800000000010,0,0,10,), Prob:1
(0,0,1800000000000,0,)=([],[],[48,47,],[],)->([48,5,],[],[],[5,],)=(1000000000020,0,0,20,), Prob:1
(0,0,3000000000000,0,)=([],[],[49,48,],[],)->([49,6,],[],[],[6,],)=(2000000000040,0,0,40,), Prob:1
(0,0,6000000000000,0,)=([],[],[50,49,],[],)->([50,7,],[],[],[7,],)=(4000000000080,0,0,80,), Prob:1
(0,0,c000000000000,0,)=([],[],[51,50,],[],)->([51,8,],[],[],[8,],)=(8000000000100,0,0,100,), Prob:1
(0,0,18000000000000,0,)=([],[],[52,51,],[],)->([52,9,],[],[],[9,],)=(10000000000200,0,0,200,), Prob:1
(0,0,30000000000000,0,)=([],[],[53,52,],[],)->([53,10,],[],[],[10,],)=(20000000000400,0,0,400,), Prob:1
(0,0,60000000000000,0,)=([],[],[54,53,],[],)->([54,11,],[],[],[11,],)=(40000000000800,0,0,800,), Prob:1
(0,0,c0000000000000,0,)=([],[],[55,54,],[],)->([55,12,],[],[],[12,],)=(80000000001000,0,0,1000,), Prob:1
(0,0,180000000000000,0,)=([],[],[56,55,],[],)->([56,13,],[],[],[13,],)=(100000000002000,0,0,2000,), Prob:1
(0,0,300000000000000,0,)=([],[],[57,56,],[],)->([57,14,],[],[],[14,],)=(200000000004000,0,0,4000,), Prob:1
(0,0,600000000000000,0,)=([],[],[58,57,],[],)->([58,15,],[],[],[15,],)=(400000000008000,0,0,8000,), Prob:1
(0,0,c00000000000000,0,)=([],[],[59,58,],[],)->([59,16,],[],[],[16,],)=(800000000010000,0,0,10000,), Prob:1
(0,0,1800000000000000,0,)=([],[],[60,59,],[],)->([60,17,],[],[],[17,],)=(1000000000020000,0,0,20000,), Prob:1
(0,0,3000000000000000,0,)=([],[],[61,60,],[],)->([61,18,],[],[],[18,],)=(2000000000040000,0,0,40000,), Prob:1
(0,0,6000000000000000,0,)=([],[],[62,61,],[],)->([62,19,],[],[],[19,],)=(4000000000080000,0,0,80000,), Prob:1
(0,0,c000000000000000,0,)=([],[],[63,62,],[],)->([63,20,],[],[],[20,],)=(8000000000100000,0,0,100000,), Prob:1
(0,0,0,1,)=([],[],[],[0,],)->([21,],[],[],[21,],)=(200000,0,0,200000,), Prob:0
(0,0,0,2,)=([],[],[],[1,],)->([22,],[],[],[22,],)=(400000,0,0,400000,), Prob:0
(0,0,0,4,)=([],[],[],[2,],)->([23,],[],[],[23,],)=(800000,0,0,800000,), Prob:0
(0,0,0,8,)=([],[],[],[3,],)->([24,],[],[],[24,],)=(1000000,0,0,1000000,), Prob:0
(0,0,0,10,)=([],[],[],[4,],)->([25,],[],[],[25,],)=(2000000,0,0,2000000,), Prob:0
(0,0,0,20,)=([],[],[],[5,],)->([26,],[],[],[26,],)=(4000000,0,0,4000000,), Prob:0
(0,0,0,40,)=([],[],[],[6,],)->([27,],[],[],[27,],)=(8000000,0,0,8000000,), Prob:0
(0,0,0,80,)=([],[],[],[7,],)->([28,],[],[],[28,],)=(10000000,0,0,10000000,), Prob:0
(0,0,0,100,)=([],[],[],[8,],)->([29,],[],[],[29,],)=(20000000,0,0,20000000,), Prob:0
(0,0,0,200,)=([],[],[],[9,],)->([30,],[],[],[30,],)=(40000000,0,0,40000000,), Prob:0
(0,0,0,400,)=([],[],[],[10,],)->([31,],[],[],[31,],)=(80000000,0,0,80000000,), Prob:0
(0,0,0,800,)=([],[],[],[11,],)->([32,],[],[],[32,],)=(100000000,0,0,100000000,), Prob:0
(0,0,0,1000,)=([],[],[],[12,],)->([33,],[],[],[33,],)=(200000000,0,0,200000000,), Prob:0
(0,0,0,2000,)=([],[],[],[13,],)->([34,],[],[],[34,],)=(400000000,0,0,400000000,), Prob:0
(0,0,0,4000,)=([],[],[],[14,],)->([35,],[],[],[35,],)=(800000000,0,0,800000000,), Prob:0
(0,0,0,8000,)=([],[],[],[15,],)->([36,],[],[],[36,],)=(1000000000,0,0,1000000000,), Prob:0
(0,0,0,10000,)=([],[],[],[16,],)->([37,],[],[],[37,],)=(2000000000,0,0,2000000000,), Prob:0
(0,0,0,20000,)=([],[],[],[17,],)->([38,],[],[],[38,],)=(4000000000,0,0,4000000000,), Prob:0
(0,0,0,40000,)=([],[],[],[18,],)->([39,],[],[],[39,],)=(8000000000,0,0,8000000000,), Prob:0
(0,0,0,80000,)=([],[],[],[19,],)->([40,],[],[],[40,],)=(10000000000,0,0,10000000000,), Prob:0
(0,0,0,100000,)=([],[],[],[20,],)->([41,],[],[],[41,],)=(20000000000,0,0,20000000000,), Prob:0
(0,0,0,200000,)=([],[],[],[21,],)->([42,],[],[],[42,],)=(40000000000,0,0,40000000000,), Prob:0
(0,0,0,400000,)=([],[],[],[22,],)->([43,],[],[],[43,],)=(80000000000,0,0,80000000000,), Prob:0
(0,0,0,800000,)=([],[],[],[23,],)->([44,],[],[],[44,],)=(100000000000,0,0,100000000000,), Prob:0
(0,0,0,1000000,)=([],[],[],[24,],)->([45,],[],[],[45,],)=(200000000000,0,0,200000000000,), Prob:0
(0,0,0,2000000,)=([],[],[],[25,],)->([46,],[],[],[46,],)=(400000000000,0,0,400000000000,), Prob:0
(0,0,0,4000000,)=([],[],[],[26,],)->([47,],[],[],[47,],)=(800000000000,0,0,800000000000,), Prob:0
(0,0,0,8000000,)=([],[],[],[27,],)->([48,],[],[],[48,],)=(1000000000000,0,0,1000000000000,), Prob:0
(0,0,0,10000000,)=([],[],[],[28,],)->([49,],[],[],[49,],)=(2000000000000,0,0,2000000000000,), Prob:0
(0,0,0,20000000,)=([],[],[],[29,],)->([50,],[],[],[50,],)=(4000000000000,0,0,4000000000000,), Prob:0
(0,0,0,40000000,)=([],[],[],[30,],)->([51,],[],[],[51,],)=(8000000000000,0,0,8000000000000,), Prob:0
(0,0,0,80000000,)=([],[],[],[31,],)->([52,],[],[],[52,],)=(10000000000000,0,0,10000000000000,), Prob:0
(0,0,0,100000000,)=([],[],[],[32,],)->([53,],[],[],[53,],)=(20000000000000,0,0,20000000000000,), Prob:0
(0,0,0,200000000,)=([],[],[],[33,],)->([54,],[],[],[54,],)=(40000000000000,0,0,40000000000000,), Prob:0
(0,0,0,400000000,)=([],[],[],[34,],)->([55,],[],[],[55,],)=(80000000000000,0,0,80000000000000,), Prob:0
(0,0,0,800000000,)=([],[],[],[35,],)->([56,],[],[],[56,],)=(100000000000000,0,0,100000000000000,), Prob:0
(0,0,0,1000000000,)=([],[],[],[36,],)->([57,],[],[],[57,],)=(200000000000000,0,0,200000000000000,), Prob:0
(0,0,0,2000000000,)=([],[],[],[37,],)->([58,],[],[],[58,],)=(400000000000000,0,0,400000000000000,), Prob:0
(0,0,0,4000000000,)=([],[],[],[38,],)->([59,],[],[],[59,],)=(800000000000000,0,0,800000000000000,), Prob:0
(0,0,0,8000000000,)=([],[],[],[39,],)->([60,],[],[],[60,],)=(1000000000000000,0,0,1000000000000000,), Prob:0
(0,0,0,10000000000,)=([],[],[],[40,],)->([61,],[],[],[61,],)=(2000000000000000,0,0,2000000000000000,), Prob:0
(0,0,0,20000000000,)=([],[],[],[41,],)->([62,],[],[],[62,],)=(4000000000000000,0,0,4000000000000000,), Prob:0
(0,0,0,40000000000,)=([],[],[],[42,],)->([63,],[],[],[63,],)=(8000000000000000,0,0,8000000000000000,), Prob:0
(0,0,0,80000000000,)=([],[],[],[43,],)->([0,],[],[],[0,],)=(1,0,0,1,), Prob:0
(0,0,0,100000000000,)=([],[],[],[44,],)->([1,],[],[],[1,],)=(2,0,0,2,), Prob:0
(0,0,0,200000000000,)=([],[],[],[45,],)->([2,],[],[],[2,],)=(4,0,0,4,), Prob:0
(0,0,0,400000000000,)=([],[],[],[46,],)->([3,],[],[],[3,],)=(8,0,0,8,), Prob:0
(0,0,0,800000000000,)=([],[],[],[47,],)->([4,],[],[],[4,],)=(10,0,0,10,), Prob:0
(0,0,0,1000000000000,)=([],[],[],[48,],)->([5,],[],[],[5,],)=(20,0,0,20,), Prob:0
(0,0,0,2000000000000,)=([],[],[],[49,],)->([6,],[],[],[6,],)=(40,0,0,40,), Prob:0
(0,0,0,4000000000000,)=([],[],[],[50,],)->([7,],[],[],[7,],)=(80,0,0,80,), Prob:0
(0,0,0,8000000000000,)=([],[],[],[51,],)->([8,],[],[],[8,],)=(100,0,0,100,), Prob:0
(0,0,0,10000000000000,)=([],[],[],[52,],)->([9,],[],[],[9,],)=(200,0,0,200,), Prob:0
(0,0,0,20000000000000,)=([],[],[],[53,],)->([10,],[],[],[10,],)=(400,0,0,400,), Prob:0
(0,0,0,40000000000000,)=([],[],[],[54,],)->([11,],[],[],[11,],)=(800,0,0,800,), Prob:0
(0,0,0,80000000000000,)=([],[],[],[55,],)->([12,],[],[],[12,],)=(1000,0,0,1000,), Prob:0
(0,0,0,100000000000000,)=([],[],[],[56,],)->([13,],[],[],[13,],)=(2000,0,0,2000,), Prob:0
(0,0,0,200000000000000,)=([],[],[],[57,],)->([14,],[],[],[14,],)=(4000,0,0,4000,), Prob:0
(0,0,0,400000000000000,)=([],[],[],[58,],)->([15,],[],[],[15,],)=(8000,0,0,8000,), Prob:0
(0,0,0,800000000000000,)=([],[],[],[59,],)->([16,],[],[],[16,],)=(10000,0,0,10000,), Prob:0
(0,0,0,1000000000000000,)=([],[],[],[60,],)->([17,],[],[],[17,],)=(20000,0,0,20000,), Prob:0
(0,0,0,2000000000000000,)=([],[],[],[61,],)->([18,],[],[],[18,],)=(40000,0,0,40000,), Prob:0
(0,0,0,4000000000000000,)=([],[],[],[62,],)->([19,],[],[],[19,],)=(80000,0,0,80000,), Prob:0
(0,0,0,8000000000000000,)=([],[],[],[63,],)->([20,],[],[],[20,],)=(100000,0,0,100000,), Prob:0
(0,0,0,3,)=([],[],[],[1,0,],)->([22,21,],[],[],[22,21,],)=(600000,0,0,600000,), Prob:0
(0,0,0,6,)=([],[],[],[2,1,],)->([23,22,],[],[],[23,22,],)=(c00000,0,0,c00000,), Prob:0
(0,0,0,c,)=([],[],[],[3,2,],)->([24,23,],[],[],[24,23,],)=(1800000,0,0,1800000,), Prob:0
(0,0,0,18,)=([],[],[],[4,3,],)->([25,24,],[],[],[25,24,],)=(3000000,0,0,3000000,), Prob:0
(0,0,0,30,)=([],[],[],[5,4,],)->([26,25,],[],[],[26,25,],)=(6000000,0,0,6000000,), Prob:0
(0,0,0,60,)=([],[],[],[6,5,],)->([27,26,],[],[],[27,26,],)=(c000000,0,0,c000000,), Prob:0
(0,0,0,c0,)=([],[],[],[7,6,],)->([28,27,],[],[],[28,27,],)=(18000000,0,0,18000000,), Prob:0
(0,0,0,180,)=([],[],[],[8,7,],)->([29,28,],[],[],[29,28,],)=(30000000,0,0,30000000,), Prob:0
(0,0,0,300,)=([],[],[],[9,8,],)->([30,29,],[],[],[30,29,],)=(60000000,0,0,60000000,), Prob:0
(0,0,0,600,)=([],[],[],[10,9,],)->([31,30,],[],[],[31,30,],)=(c0000000,0,0,c0000000,), Prob:0
(0,0,0,c00,)=([],[],[],[11,10,],)->([32,31,],[],[],[32,31,],)=(180000000,0,0,180000000,), Prob:0
(0,0,0,1800,)=([],[],[],[12,11,],)->([33,32,],[],[],[33,32,],)=(300000000,0,0,300000000,), Prob:0
(0,0,0,3000,)=([],[],[],[13,12,],)->([34,33,],[],[],[34,33,],)=(600000000,0,0,600000000,), Prob:0
(0,0,0,6000,)=([],[],[],[14,13,],)->([35,34,],[],[],[35,34,],)=(c00000000,0,0,c00000000,), Prob:0
(0,0,0,c000,)=([],[],[],[15,14,],)->([36,35,],[],[],[36,35,],)=(1800000000,0,0,1800000000,), Prob:0
(0,0,0,18000,)=([],[],[],[16,15,],)->([37,36,],[],[],[37,36,],)=(3000000000,0,0,3000000000,), Prob:0
(0,0,0,30000,)=([],[],[],[17,16,],)->([38,37,],[],[],[38,37,],)=(6000000000,0,0,6000000000,), Prob:0
(0,0,0,60000,)=([],[],[],[18,17,],)->([39,38,],[],[],[39,38,],)=(c000000000,0,0,c000000000,), Prob:0
(0,0,0,c0000,)=([],[],[],[19,18,],)->([40,39,],[],[],[40,39,],)=(18000000000,0,0,18000000000,), Prob:0
(0,0,0,180000,)=([],[],[],[20,19,],)->([41,40,],[],[],[41,40,],)=(30000000000,0,0,30000000000,), Prob:0
(0,0,0,300000,)=([],[],[],[21,20,],)->([42,41,],[],[],[42,41,],)=(60000000000,0,0,60000000000,), Prob:0
(0,0,0,600000,)=([],[],[],[22,21,],)->([43,42,],[],[],[43,42,],)=(c0000000000,0,0,c0000000000,), Prob:0
(0,0,0,c00000,)=([],[],[],[23,22,],)->([44,43,],[],[],[44,43,],)=(180000000000,0,0,180000000000,), Prob:0
(0,0,0,1800000,)=([],[],[],[24,23,],)->([45,44,],[],[],[45,44,],)=(300000000000,0,0,300000000000,), Prob:0
(0,0,0,3000000,)=([],[],[],[25,24,],)->([46,45,],[],[],[46,45,],)=(600000000000,0,0,600000000000,), Prob:0
(0,0,0,6000000,)=([],[],[],[26,25,],)->([47,46,],[],[],[47,46,],)=(c00000000000,0,0,c00000000000,), Prob:0
(0,0,0,c000000,)=([],[],[],[27,26,],)->([48,47,],[],[],[48,47,],)=(1800000000000,0,0,1800000000000,), Prob:0
(0,0,0,18000000,)=([],[],[],[28,27,],)->([49,48,],[],[],[49,48,],)=(3000000000000,0,0,3000000000000,), Prob:0
(0,0,0,30000000,)=([],[],[],[29,28,],)->([50,49,],[],[],[50,49,],)=(6000000000000,0,0,6000000000000,), Prob:0
(0,0,0,60000000,)=([],[],[],[30,29,],)->([51,50,],[],[],[51,50,],)=(c000000000000,0,0,c000000000000,), Prob:0
(0,0,0,c0000000,)=([],[],[],[31,30,],)->([52,51,],[],[],[52,51,],)=(18000000000000,0,0,18000000000000,), Prob:0
(0,0,0,180000000,)=([],[],[],[32,31,],)->([53,52,],[],[],[53,52,],)=(30000000000000,0,0,30000000000000,), Prob:0
(0,0,0,300000000,)=([],[],[],[33,32,],)->([54,53,],[],[],[54,53,],)=(60000000000000,0,0,60000000000000,), Prob:0
(0,0,0,600000000,)=([],[],[],[34,33,],)->([55,54,],[],[],[55,54,],)=(c0000000000000,0,0,c0000000000000,), Prob:0
(0,0,0,c00000000,)=([],[],[],[35,34,],)->([56,55,],[],[],[56,55,],)=(180000000000000,0,0,180000000000000,), Prob:0
(0,0,0,1800000000,)=([],[],[],[36,35,],)->([57,56,],[],[],[57,56,],)=(300000000000000,0,0,300000000000000,), Prob:0
(0,0,0,3000000000,)=([],[],[],[37,36,],)->([58,57,],[],[],[58,57,],)=(600000000000000,0,0,600000000000000,), Prob:0
(0,0,0,6000000000,)=([],[],[],[38,37,],)->([59,58,],[],[],[59,58,],)=(c00000000000000,0,0,c00000000000000,), Prob:0
(0,0,0,c000000000,)=([],[],[],[39,38,],)->([60,59,],[],[],[60,59,],)=(1800000000000000,0,0,1800000000000000,), Prob:0
(0,0,0,18000000000,)=([],[],[],[40,39,],)->([61,60,],[],[],[61,60,],)=(3000000000000000,0,0,3000000000000000,), Prob:0
(0,0,0,30000000000,)=([],[],[],[41,40,],)->([62,61,],[],[],[62,61,],)=(6000000000000000,0,0,6000000000000000,), Prob:0
(0,0,0,60000000000,)=([],[],[],[42,41,],)->([63,62,],[],[],[63,62,],)=(c000000000000000,0,0,c000000000000000,), Prob:0
(0,0,0,c0000000000,)=([],[],[],[43,42,],)->([63,0,],[],[],[63,0,],)=(8000000000000001,0,0,8000000000000001,), Prob:0
(0,0,0,180000000000,)=([],[],[],[44,43,],)->([1,0,],[],[],[1,0,],)=(3,0,0,3,), Prob:0
(0,0,0,300000000000,)=([],[],[],[45,44,],)->([2,1,],[],[],[2,1,],)=(6,0,0,6,), Prob:0
(0,0,0,600000000000,)=([],[],[],[46,45,],)->([3,2,],[],[],[3,2,],)=(c,0,0,c,), Prob:0
(0,0,0,c00000000000,)=([],[],[],[47,46,],)->([4,3,],[],[],[4,3,],)=(18,0,0,18,), Prob:0
(0,0,0,1800000000000,)=([],[],[],[48,47,],)->([5,4,],[],[],[5,4,],)=(30,0,0,30,), Prob:0
(0,0,0,3000000000000,)=([],[],[],[49,48,],)->([6,5,],[],[],[6,5,],)=(60,0,0,60,), Prob:0
(0,0,0,6000000000000,)=([],[],[],[50,49,],)->([7,6,],[],[],[7,6,],)=(c0,0,0,c0,), Prob:0
(0,0,0,c000000000000,)=([],[],[],[51,50,],)->([8,7,],[],[],[8,7,],)=(180,0,0,180,), Prob:0
(0,0,0,18000000000000,)=([],[],[],[52,51,],)->([9,8,],[],[],[9,8,],)=(300,0,0,300,), Prob:0
(0,0,0,30000000000000,)=([],[],[],[53,52,],)->([10,9,],[],[],[10,9,],)=(600,0,0,600,), Prob:0
(0,0,0,60000000000000,)=([],[],[],[54,53,],)->([11,10,],[],[],[11,10,],)=(c00,0,0,c00,), Prob:0
(0,0,0,c0000000000000,)=([],[],[],[55,54,],)->([12,11,],[],[],[12,11,],)=(1800,0,0,1800,), Prob:0
(0,0,0,180000000000000,)=([],[],[],[56,55,],)->([13,12,],[],[],[13,12,],)=(3000,0,0,3000,), Prob:0
(0,0,0,300000000000000,)=([],[],[],[57,56,],)->([14,13,],[],[],[14,13,],)=(6000,0,0,6000,), Prob:0
(0,0,0,600000000000000,)=([],[],[],[58,57,],)->([15,14,],[],[],[15,14,],)=(c000,0,0,c000,), Prob:0
(0,0,0,c00000000000000,)=([],[],[],[59,58,],)->([16,15,],[],[],[16,15,],)=(18000,0,0,18000,), Prob:0
(0,0,0,1800000000000000,)=([],[],[],[60,59,],)->([17,16,],[],[],[17,16,],)=(30000,0,0,30000,), Prob:0
(0,0,0,3000000000000000,)=([],[],[],[61,60,],)->([18,17,],[],[],[18,17,],)=(60000,0,0,60000,), Prob:0
(0,0,0,6000000000000000,)=([],[],[],[62,61,],)->([19,18,],[],[],[19,18,],)=(c0000,0,0,c0000,), Prob:0
(0,0,0,c000000000000000,)=([],[],[],[63,62,],)->([20,19,],[],[],[20,19,],)=(180000,0,0,180000,), Prob:0