([0,],[]): ->([11,9,8,],[11,])->([13,6,],[13,6,4,])->([7,1,0,],[15,7,6,1,0,])->: ([12,10,9,8,3,1,0,],[12,9,8,3,1,])=(170b,130a : Prob: 7
([1,],[]): ->([12,10,9,],[12,])->([14,7,],[14,7,5,])->([6,2,],[7,2,0,])->: ([15,14,13,11,10,9,4,2,1,],[13,9,4,2,1,])=(ee16,2216 : Prob: 7
([2,],[]): ->([13,11,10,],[13,])->([15,8,],[15,8,6,])->([7,3,],[8,3,1,])->: ([14,12,11,10,5,3,2,0,],[14,10,5,3,2,])=(5c2d,442c : Prob: 7
([3,],[]): ->([14,13,12,],[14,13,])->([15,9,0,],[15,9,7,5,0,])->([7,4,],[9,7,4,2,1,])->: ([15,13,12,11,9,6,4,3,2,0,],[15,11,9,6,4,3,2,])=(ba5d,8a5c : Prob: 7
([4,],[]): ->([15,14,13,],[15,14,])->([10,1,0,],[10,8,7,1,0,])->([9,5,],[10,9,5,3,2,])->: ([14,13,12,11,7,5,3,2,0,],[12,11,7,5,3,0,])=(78ad,18a9 : Prob: 8
([5,],[]): ->([15,14,0,],[15,0,])->([11,10,9,2,1,],[11,10,2,1,])->([6,],[11,6,4,3,])->: ([15,14,13,8,6,5,1,],[13,8,6,5,1,])=(e162,2162 : Prob: 8
([6,],[]): ->([15,1,0,],[1,0,])->([12,11,10,3,2,],[12,11,3,2,])->([7,],[12,7,5,4,])->: ([14,9,7,6,2,0,],[14,9,7,6,2,])=(42c5,42c4 : Prob: 7
([7,],[]): ->([2,0,],[2,])->([13,12,4,],[13,12,11,10,4,])->([12,8,],[13,12,8,6,])->: ([15,14,10,8,7,5,4,3,1,],[15,14,10,8,7,3,])=(c5ba,c588 : Prob: 7
([8,],[]): ->([3,1,],[3,])->([14,13,5,],[14,13,12,11,5,])->([13,9,],[14,13,9,7,])->: ([15,11,9,8,7,6,4,2,1,0,],[15,11,9,8,7,4,0,])=(8bd7,8b91 : Prob: 8
([9,],[]): ->([4,3,2,],[4,3,])->([15,14,13,6,5,],[15,14,6,5,])->([10,],[15,10,8,7,])->: ([12,10,9,5,3,2,1,],[12,10,9,5,1,])=(162e,1622 : Prob: 8
([10,],[]): ->([5,3,2,],[5,])->([7,0,],[14,7,0,])->([11,10,],[11,10,9,0,])->: ([13,12,11,6,4,2,],[13,12,11,6,2,])=(3854,3844 : Prob: 6
([11,],[]): ->([6,4,3,],[6,])->([8,1,],[15,8,1,])->([12,11,],[12,11,10,1,])->: ([14,13,12,7,5,3,],[14,13,12,7,3,])=(70a8,7088 : Prob: 7
([12,],[]): ->([7,6,5,],[7,6,])->([9,8,2,1,],[15,9,8,2,1,0,])->([13,12,],[13,12,11,10,2,1,])->: ([15,14,13,12,8,6,4,3,],[15,14,13,12,8,4,3,])=(f158,f118 : Prob: 6
([13,],[]): ->([8,6,5,],[8,])->([15,10,3,2,0,],[10,3,2,1,])->([14,13,9,],[14,13,12,11,3,])->: ([15,14,13,9,7,5,4,2,1,0,],[15,14,13,9,5,4,0,])=(e2b7,e231 : Prob: 8
([14,],[]): ->([9,8,7,],[9,8,])->([11,10,4,3,],[11,10,4,3,2,])->([15,14,5,],[15,14,13,12,5,4,])->: ([10,9,8,6,1,],[14,10,9,7,6,1,])=(742,46c2 : Prob: 7
([15,],[]): ->([10,9,8,],[10,9,])->([12,11,5,],[12,11,5,3,2,])->([4,0,],[14,13,5,4,0,])->: ([14,13,11,9,8,7,6,2,0,],[14,11,7,6,2,0,])=(6bc5,48c5 : Prob: 8
([1,0,],[]): ->([12,11,10,9,],[12,11,])->([14,13,7,4,],[14,13,7,5,])->([2,],[13,7,2,0,])->: ([15,13,11,10,9,4,2,],[15,13,9,4,2,])=(ae14,a214 : Prob: 8
([2,1,],[]): ->([13,11,],[13,])->([15,8,7,],[15,8,7,6,5,])->([7,3,],[8,7,3,1,])->: ([14,12,11,10,9,5,3,2,0,],[14,10,9,5,3,2,])=(5e2d,462c : Prob: 7
([3,2,],[]): ->([14,13,12,11,],[14,13,])->([15,9,8,0,],[15,9,8,7,6,5,0,])->([7,4,3,],[9,8,7,4,3,2,1,])->: ([15,13,11,10,9,6,5,4,3,2,0,],[15,11,10,9,6,5,4,3,2,])=(ae7d,8e7c : Prob: 7
([4,3,],[]): ->([15,13,],[15,])->([10,9,1,],[10,9,8,7,1,])->([11,5,],[11,10,9,5,3,])->: ([15,14,13,12,11,7,6,5,4,3,0,],[15,13,12,11,7,6,5,0,])=(f8f9,b8e1 : Prob: 8
([5,4,],[]): ->([14,0,],[0,])->([11,10,8,7,2,],[11,10,9,2,])->([6,5,2,1,],[11,6,5,4,3,2,])->: ([15,11,8,7,6,5,4,1,],[8,7,6,5,4,1,])=(89f2,1f2 : Prob: 8
([6,5,],[]): ->([15,1,],[1,])->([12,10,3,],[12,3,])->([7,],[12,7,5,])->: ([14,9,7,2,0,],[14,9,7,2,])=(4285,4284 : Prob: 7
([7,6,],[]): ->([15,14,2,1,0,],[2,1,])->([13,4,3,],[13,11,10,4,3,])->([12,8,],[13,12,8,6,5,])->: ([15,14,10,8,6,5,3,1,],[15,14,10,8,6,3,])=(c56a,c548 : Prob: 9
([8,7,],[]): ->([3,1,],[3,])->([14,13,5,],[14,13,12,11,5,])->([13,9,],[14,13,9,7,])->: ([15,11,9,8,7,6,4,2,1,0,],[15,11,9,8,7,4,0,])=(8bd7,8b91 : Prob: 8
([9,8,],[]): ->([4,2,],[4,])->([15,13,6,],[15,6,])->([10,9,7,],[15,10,9,8,])->: ([12,11,10,5,4,3,1,0,],[12,11,10,5,4,2,1,])=(1c3b,1c36 : Prob: 8
([10,9,],[]): ->([5,3,],[5,])->([14,7,0,],[7,0,])->([11,0,],[11,9,])->: ([13,9,8,6,4,3,],[13,6,])=(2358,2040 : Prob: 7
([11,10,],[]): ->([6,4,],[6,])->([14,13,8,1,0,],[15,14,8,1,0,])->([12,11,7,],[12,11,10,9,1,0,])->: ([14,13,12,11,7,5,3,0,],[14,13,12,11,7,3,])=(78a9,7888 : Prob: 7
([12,11,],[]): ->([7,5,],[7,])->([9,2,],[14,9,2,0,])->([13,12,],[13,12,11,2,0,])->: ([15,14,13,8,6,4,2,],[15,14,13,8,4,2,])=(e154,e114 : Prob: 7
([13,12,],[]): ->([8,7,6,5,],[8,7,])->([15,10,9,3,0,],[10,9,3,1,])->([14,13,9,],[14,13,12,3,])->: ([15,14,9,8,7,6,5,4,2,1,0,],[15,14,9,8,5,4,0,])=(c3f7,c331 : Prob: 8
([14,13,],[]): ->([9,7,],[9,])->([11,4,],[11,4,2,])->([15,14,5,],[15,14,13,5,4,])->: ([15,14,13,10,8,7,6,1,],[15,10,7,6,1,])=(e5c2,84c2 : Prob: 7
([15,14,],[]): ->([10,8,],[10,])->([12,5,3,],[12,5,])->([5,4,0,],[14,0,])->: ([14,11,9,8,2,],[11,2,])=(4b04,804 : Prob: 8
([],[0,]): ->([2,],[2,])->([13,4,],[13,11,4,])->([14,8,7,],[14,13,8,7,6,])->: ([15,10,8,7,6,3,1,],[15,10,8,3,0,])=(85ca,8509 : Prob: 6
([],[1,]): ->([3,],[3,])->([14,5,],[14,12,5,])->([15,9,8,],[15,14,9,8,7,])->: ([11,9,8,7,4,2,1,0,],[11,9,4,1,0,])=(b97,a13 : Prob: 6
([],[2,]): ->([4,],[4,])->([15,14,13,6,],[15,14,6,])->([15,10,9,],[10,9,8,])->: ([12,11,8,7,5,3,],[12,11,5,])=(19a8,1820 : Prob: 6
([],[3,]): ->([5,],[5,])->([7,0,],[14,7,0,])->([11,10,],[11,10,9,0,])->: ([13,12,11,6,4,2,],[13,12,11,6,2,])=(3854,3844 : Prob: 4
([],[4,]): ->([6,],[6,])->([8,1,],[15,8,1,])->([12,11,],[12,11,10,1,])->: ([14,13,12,7,5,3,],[14,13,12,7,3,])=(70a8,7088 : Prob: 5
([],[5,]): ->([7,],[7,])->([9,2,0,],[9,2,])->([13,],[13,11,2,])->: ([15,13,8,7,6,4,],[15,13,8,7,4,])=(a1d0,a190 : Prob: 5
([],[6,]): ->([8,],[8,])->([10,3,1,],[10,3,])->([14,],[14,12,3,])->: ([14,9,8,7,5,0,],[14,9,8,5,0,])=(43a1,4321 : Prob: 6
([],[7,]): ->([9,],[9,])->([11,4,3,2,],[11,4,3,])->([15,14,4,],[15,14,13,])->: ([14,13,10,9,8,7,1,0,],[14,10,9,1,0,])=(6783,4603 : Prob: 6
([],[8,]): ->([10,],[10,])->([12,5,],[12,5,3,])->([15,4,0,],[15,14,5,0,])->: ([15,14,13,11,9,7,2,1,0,],[15,14,11,7,2,1,0,])=(ea87,c887 : Prob: 6
([],[9,]): ->([11,],[11,])->([13,6,],[13,6,4,])->([7,1,0,],[15,7,6,1,0,])->: ([12,10,9,8,3,1,0,],[12,9,8,3,1,])=(170b,130a : Prob: 5
([],[10,]): ->([12,],[12,])->([14,7,],[14,7,5,])->([7,2,],[2,0,])->: ([13,11,10,4,0,],[13,4,])=(2c11,2010 : Prob: 5
([],[11,]): ->([13,],[13,])->([15,8,],[15,8,6,])->([7,3,],[8,3,1,])->: ([14,12,11,10,5,3,2,0,],[14,10,5,3,2,])=(5c2d,442c : Prob: 5
([],[12,]): ->([14,],[14,])->([9,0,],[9,7,0,])->([8,4,3,],[9,4,3,2,])->: ([15,13,11,6,5,4,3,1,],[15,11,6,5,4,3,])=(a87a,8878 : Prob: 6
([],[13,]): ->([15,],[15,])->([10,1,],[10,8,1,])->([9,5,4,],[10,5,4,3,])->: ([14,12,7,6,5,4,3,2,0,],[12,7,6,5,4,3,0,])=(50fd,10f9 : Prob: 6
([],[14,]): ->([0,],[0,])->([11,2,],[11,9,2,])->([12,6,5,],[12,11,6,5,4,])->: ([15,14,13,8,6,5,4,1,],[14,13,8,6,1,])=(e172,6142 : Prob: 6
([],[15,]): ->([1,],[1,])->([12,11,10,3,],[12,11,3,])->([12,7,4,],[7,5,])->: ([15,14,13,9,6,5,2,0,],[15,14,9,6,2,])=(e265,c244 : Prob: 6
([],[1,0,]): ->([3,2,],[3,2,])->([14,13,5,4,],[14,13,12,5,4,])->([15,9,8,],[15,14,9,8,7,6,])->: ([11,4,3,2,0,],[11,8,4,3,1,0,])=(81d,91b : Prob: 6
([],[2,1,]): ->([4,3,],[4,3,])->([15,14,6,5,],[15,14,13,6,5,])->([10,9,0,],[15,10,9,8,7,0,])->: ([12,10,8,5,4,3,1,],[12,10,9,5,4,2,1,])=(153a,1636 : Prob: 6
([],[3,2,]): ->([5,4,],[5,4,])->([15,7,6,0,],[15,14,7,6,0,])->([15,11,10,0,],[11,10,9,8,])->: ([13,12,10,9,6,4,],[13,12,10,6,])=(3650,3440 : Prob: 6
([],[4,3,]): ->([6,5,],[6,5,])->([8,7,1,0,],[15,8,7,1,0,])->([12,11,],[12,11,10,9,1,])->: ([14,13,12,11,7,5,3,],[14,13,12,11,7,3,])=(78a8,7888 : Prob: 5
([],[5,4,]): ->([7,6,],[7,6,])->([14,9,8,2,1,],[15,9,8,2,1,0,])->([13,12,9,8,7,],[13,12,11,10,9,8,2,1,])->: ([15,14,13,12,11,10,8,6,3,0,],[15,14,13,12,11,10,8,3,2,])=(fd49,fd0c : Prob: 7
([],[6,5,]): ->([8,7,],[8,7,])->([10,9,3,2,1,],[10,9,3,2,])->([14,],[14,12,11,3,])->: ([14,13,9,8,7,5,0,],[14,13,9,8,5,0,])=(63a1,6321 : Prob: 6
([],[7,6,]): ->([9,8,],[9,8,])->([11,10,4,2,],[11,10,4,])->([15,14,4,],[15,14,13,12,])->: ([13,10,8,1,0,],[10,1,0,])=(2503,403 : Prob: 6
([],[8,7,]): ->([10,9,],[10,9,])->([12,11,5,4,],[12,11,5,4,3,])->([15,4,0,],[15,14,13,5,0,])->: ([13,12,11,10,9,8,7,2,1,0,],[11,10,7,2,1,0,])=(3f87,c87 : Prob: 6
([],[9,8,]): ->([11,10,],[11,10,])->([13,12,6,5,],[13,12,6,5,4,])->([7,1,0,],[15,14,7,6,1,0,])->: ([12,10,9,8,3,1,],[12,9,8,3,1,0,])=(170a,130b : Prob: 5
([],[10,9,]): ->([12,11,],[12,11,])->([14,13,7,4,],[14,13,7,5,])->([2,],[13,7,2,0,])->: ([15,13,11,10,9,4,2,],[15,13,9,4,2,])=(ae14,a214 : Prob: 6
([],[11,10,]): ->([13,12,],[13,12,])->([15,14,8,7,],[15,14,8,7,6,])->([7,3,],[8,3,1,0,])->: ([14,12,11,10,5,3,0,],[14,10,5,3,])=(5c29,4428 : Prob: 5
([],[12,11,]): ->([14,13,],[14,13,])->([15,9,8,0,],[15,9,8,7,0,])->([10,4,3,],[10,9,4,3,2,1,])->: ([15,14,13,11,6,4,2,],[15,14,12,11,6,4,3,])=(e854,d858 : Prob: 6
([],[13,12,]): ->([15,14,],[15,14,])->([10,9,1,0,],[10,9,8,1,0,])->([9,5,4,],[10,5,4,3,2,])->: ([14,12,7,6,5,2,1,0,],[12,7,6,5,0,])=(50e7,10e1 : Prob: 6
([],[14,13,]): ->([15,0,],[15,0,])->([11,10,2,1,],[11,10,9,2,1,])->([10,6,5,],[11,6,5,4,3,])->: ([15,13,8,7,6,4,3,1,],[13,8,7,6,4,1,])=(a1da,21d2 : Prob: 6
([],[15,14,]): ->([1,0,],[1,0,])->([12,11,3,2,],[12,11,10,3,2,])->([11,7,4,],[12,7,5,4,])->: ([15,14,13,12,9,7,4,3,2,0,],[15,14,9,7,2,])=(f29d,c284 : Prob: 6