([0,],[]): ->([11,9,8,],[11,])->([13,6,],[13,6,4,3,2,])->: ([4,1,0,],[15,6,5,4,1,0,])=(13,8073 : Prob: 6
([1,],[]): ->([12,10,9,],[12,])->([14,7,],[14,7,5,])->: ([6,2,],[7,2,0,])=(44,85 : Prob: 5
([2,],[]): ->([13,11,10,],[13,])->([15,8,],[15,8,6,])->: ([7,3,],[8,3,1,])=(88,10a : Prob: 6
([3,],[]): ->([14,13,12,],[14,13,])->([15,9,8,7,0,],[15,9,8,0,])->: ([10,9,4,2,1,0,],[10,4,1,])=(617,412 : Prob: 5
([4,],[]): ->([15,14,13,],[15,14,])->([10,6,5,1,0,],[10,8,1,0,])->: ([15,14,11,9,5,4,2,1,0,],[11,10,5,4,3,2,1,0,])=(ca37,c3f : Prob: 6
([5,],[]): ->([14,13,0,],[0,])->([11,10,7,2,],[11,10,9,2,])->: ([6,2,0,],[11,6,4,2,])=(45,854 : Prob: 5
([6,],[]): ->([15,14,1,],[1,])->([12,3,],[12,10,3,])->: ([11,7,6,],[12,7,6,5,])=(8c0,10e0 : Prob: 6
([7,],[]): ->([2,0,],[2,])->([13,11,4,],[13,4,])->: ([13,12,8,7,5,],[8,7,6,])=(31a0,1c0 : Prob: 5
([8,],[]): ->([3,2,1,],[3,2,])->([14,5,4,],[14,12,10,5,4,])->: ([12,9,8,6,],[14,12,9,8,7,6,])=(1340,53c0 : Prob: 6
([9,],[]): ->([4,3,2,],[4,3,])->([15,6,5,],[15,13,12,6,5,])->: ([14,10,9,7,],[15,14,10,9,8,7,])=(4680,c780 : Prob: 6
([10,],[]): ->([5,3,2,],[5,])->([13,12,7,0,],[14,7,0,])->: ([11,6,],[11,9,8,0,])=(840,b01 : Prob: 5
([11,],[]): ->([6,4,3,],[6,])->([8,1,],[15,8,1,])->: ([12,9,],[12,10,1,])=(1200,1402 : Prob: 6
([12,],[]): ->([7,6,5,],[7,6,])->([15,14,9,8,2,1,],[9,8,2,1,0,])->: ([13,12,10,8,3,],[13,12,11,3,2,])=(3508,380c : Prob: 5
([13,],[]): ->([8,6,5,],[8,])->([15,10,3,2,],[10,3,2,1,])->: ([14,10,8,7,],[14,12,10,3,])=(4580,5408 : Prob: 6
([14,],[]): ->([9,8,7,],[9,8,])->([11,10,4,0,],[11,10,4,2,])->: ([15,11,10,9,],[15,13,12,11,10,4,])=(8e00,bc10 : Prob: 5
([15,],[]): ->([10,9,8,],[10,9,])->([12,11,5,4,3,],[12,11,5,4,])->: ([15,13,6,5,0,],[15,14,13,6,0,])=(a061,e041 : Prob: 6
([1,0,],[]): ->([12,10,],[12,])->([14,7,5,],[14,7,])->: ([14,13,7,6,2,0,],[2,])=(60c5,4 : Prob: 5
([2,1,],[]): ->([13,11,],[13,])->([15,8,7,],[15,8,7,6,4,])->: ([6,3,],[8,6,3,1,])=(48,14a : Prob: 6
([3,2,],[]): ->([14,12,],[14,])->([9,7,0,],[9,0,])->: ([9,8,4,2,1,0,],[4,])=(317,10 : Prob: 5
([4,3,],[]): ->([15,13,],[15,])->([10,8,1,],[10,1,])->: ([10,9,5,],[5,3,])=(620,28 : Prob: 6
([5,4,],[]): ->([14,0,],[0,])->([11,7,2,],[11,9,2,])->: ([10,6,3,2,0,],[11,6,4,2,])=(44d,854 : Prob: 5
([6,5,],[]): ->([15,1,],[1,])->([12,10,3,],[12,3,])->: ([12,11,7,],[7,5,])=(1880,a0 : Prob: 6
([7,6,],[]): ->([15,14,2,1,0,],[2,1,])->([13,12,7,4,3,],[13,12,11,10,9,4,3,])->: ([11,8,5,2,0,],[13,12,11,8,6,5,2,])=(925,3964 : Prob: 6
([8,7,],[]): ->([3,2,1,],[3,2,])->([14,5,4,],[14,12,10,5,4,])->: ([12,9,8,6,],[14,12,9,8,7,6,])=(1340,53c0 : Prob: 6
([9,8,],[]): ->([4,2,],[4,])->([15,13,6,],[15,6,])->: ([15,14,10,9,8,6,5,],[10,9,])=(c760,600 : Prob: 6
([10,9,],[]): ->([5,3,],[5,])->([14,7,0,],[7,0,])->: ([11,0,],[11,9,])=(801,a00 : Prob: 5
([11,10,],[]): ->([6,5,4,3,],[6,5,])->([13,12,8,7,1,0,],[15,14,8,7,1,0,])->: ([12,9,8,6,],[12,10,9,8,1,0,])=(1340,1703 : Prob: 6
([12,11,],[]): ->([7,5,],[7,])->([9,2,],[14,9,2,0,])->: ([13,10,1,0,],[13,11,2,0,])=(2403,2805 : Prob: 5
([13,12,],[]): ->([8,6,],[8,])->([10,3,2,],[15,10,3,2,1,])->: ([14,1,],[14,12,3,1,])=(4002,500a : Prob: 6
([14,13,],[]): ->([9,7,],[9,])->([11,4,1,0,],[11,4,2,])->: ([15,10,3,],[15,13,12,4,])=(8408,b010 : Prob: 5
([15,14,],[]): ->([10,8,],[10,])->([12,5,3,],[12,5,])->: ([5,4,0,],[14,0,])=(31,4001 : Prob: 6
([],[0,]): ->([2,],[2,])->([13,4,],[13,11,4,])->: ([12,8,7,],[13,8,7,6,])=(1180,21c0 : Prob: 4
([],[1,]): ->([3,],[3,])->([14,5,],[14,12,5,])->: ([13,9,8,],[14,9,8,7,])=(2300,4380 : Prob: 4
([],[2,]): ->([4,],[4,])->([15,6,],[15,13,6,])->: ([14,10,9,],[15,10,9,8,])=(4600,8700 : Prob: 4
([],[3,]): ->([5,],[5,])->([7,0,],[14,7,0,])->: ([11,8,],[11,9,0,])=(900,a01 : Prob: 3
([],[4,]): ->([6,],[6,])->([15,8,1,0,],[8,1,0,])->: ([12,9,1,],[12,10,])=(1202,1400 : Prob: 4
([],[5,]): ->([7,],[7,])->([9,2,0,],[9,2,])->: ([13,11,10,9,8,2,1,],[13,])=(2f06,2000 : Prob: 3
([],[6,]): ->([8,],[8,])->([10,3,2,1,],[10,3,2,])->: ([14,13,3,],[14,13,12,])=(6008,7000 : Prob: 4
([],[7,]): ->([9,],[9,])->([11,4,3,2,],[11,4,3,])->: ([15,12,5,4,3,],[15,13,5,])=(9038,a020 : Prob: 4
([],[8,]): ->([10,],[10,])->([12,5,],[12,5,3,])->: ([15,6,0,],[15,14,6,5,0,])=(8041,c061 : Prob: 4
([],[9,]): ->([11,],[11,])->([13,6,],[13,6,4,])->: ([7,1,0,],[15,7,6,1,0,])=(83,80c3 : Prob: 4
([],[10,]): ->([12,],[12,])->([14,7,],[14,7,5,])->: ([8,2,],[8,7,2,0,])=(104,185 : Prob: 3
([],[11,]): ->([13,],[13,])->([15,8,6,5,],[15,8,])->: ([15,9,8,3,1,],[9,3,])=(830a,208 : Prob: 4
([],[12,]): ->([14,],[14,])->([9,8,7,0,],[9,8,0,])->: ([9,4,2,0,],[4,])=(215,10 : Prob: 3
([],[13,]): ->([15,],[15,])->([10,1,],[10,8,1,])->: ([9,5,4,],[10,5,4,3,])=(230,438 : Prob: 4
([],[14,]): ->([0,],[0,])->([11,2,],[11,9,2,])->: ([10,6,5,],[11,6,5,4,])=(460,870 : Prob: 4
([],[15,]): ->([1,],[1,])->([12,3,],[12,10,3,])->: ([11,7,6,],[12,7,6,5,])=(8c0,10e0 : Prob: 4
([],[1,0,]): ->([3,2,],[3,2,])->([14,12,5,4,],[14,5,4,])->: ([14,9,6,],[9,7,6,])=(4240,2c0 : Prob: 4
([],[2,1,]): ->([4,3,],[4,3,])->([15,13,6,5,],[15,6,5,])->: ([15,10,9,8,6,],[10,9,7,])=(8740,680 : Prob: 4
([],[3,2,]): ->([5,4,],[5,4,])->([14,7,6,0,],[7,6,0,])->: ([15,14,11,10,9,7,1,0,],[11,10,1,])=(ce83,c02 : Prob: 4
([],[4,3,]): ->([6,5,],[6,5,])->([8,7,1,0,],[15,8,7,1,0,])->: ([12,9,0,],[12,10,9,1,])=(1201,1602 : Prob: 4
([],[5,4,]): ->([7,6,],[7,6,])->([15,9,8,2,1,],[9,8,2,1,0,])->: ([13,8,7,3,],[13,11,3,2,])=(2188,280c : Prob: 4
([],[6,5,]): ->([8,7,],[8,7,])->([10,9,3,2,1,0,],[10,9,3,2,])->: ([14,12,11,10,3,2,],[14,11,])=(5c0c,4800 : Prob: 4
([],[7,6,]): ->([9,8,],[9,8,])->([11,10,4,3,],[11,10,4,3,2,])->: ([15,12,3,],[15,13,12,4,])=(9008,b010 : Prob: 4
([],[8,7,]): ->([10,9,],[10,9,])->([12,11,5,4,],[12,11,5,4,3,])->: ([13,4,0,],[14,13,5,0,])=(2011,6021 : Prob: 4
([],[9,8,]): ->([11,10,],[11,10,])->([13,12,6,5,],[13,12,6,5,4,])->: ([7,1,0,],[15,14,7,6,1,0,])=(83,c0c3 : Prob: 4
([],[10,9,]): ->([12,11,],[12,11,])->([14,13,7,5,],[14,13,7,])->: ([14,7,2,0,],[2,])=(4085,4 : Prob: 3
([],[11,10,]): ->([13,12,],[13,12,])->([15,14,8,7,6,5,],[15,14,8,7,])->: ([15,8,7,3,1,0,],[3,0,])=(818b,9 : Prob: 4
([],[12,11,]): ->([14,13,],[14,13,])->([15,9,7,0,],[15,9,0,])->: ([9,4,3,2,1,0,],[4,3,1,])=(21f,1a : Prob: 3
([],[13,12,]): ->([15,14,],[15,14,])->([10,9,8,7,1,0,],[10,9,1,0,])->: ([11,10,5,4,3,2,1,],[11,5,4,])=(c3e,830 : Prob: 4
([],[14,13,]): ->([15,0,],[15,0,])->([11,9,2,1,],[11,2,1,])->: ([11,6,5,4,3,2,1,],[6,5,3,])=(87e,68 : Prob: 4
([],[15,14,]): ->([1,0,],[1,0,])->([12,10,3,2,],[12,3,2,])->: ([12,7,5,4,3,],[7,4,])=(10b8,90 : Prob: 4