R3.5: 9:[0,],-->R6: 0:[0,],1:[0,],2:[24,8,7,],3:[24,23,8,0,],4:[31,],6:[26,19,7,],7:[23,19,15,3,],8:[28,8,0,],9:[24,0,],10:[0,],11:[19,12,7,],12:[7,6,0,],13:[24,16,],14:[16,8,0,],15:[8,0,],0.00262896, -8.57129
Multi time: 1567.66
R6: 0:[0,],1:[0,],2:[24,8,7,],3:[24,23,8,0,],4:[31,],6:[26,19,7,],7:[23,19,15,3,],8:[28,8,0,],9:[24,0,],10:[0,],11:[19,12,7,],12:[7,6,0,],13:[24,16,],14:[16,8,0,],15:[8,0,],-->R6.5: 0:[7,6,],1:[24,16,0,],2:[24,23,16,0,],3:[24,7,],4:[12,11,],5:[12,],6:[31,20,19,6,4,],7:[31,27,20,15,12,4,3,],8:[31,28,27,8,7,],9:[24,23,],10:[26,24,19,8,7,0,],11:[24,23,15,12,11,8,7,3,0,],12:[28,23,22,16,8,0,],13:[24,8,],14:[24,16,],15:[24,19,18,16,12,7,6,],0.0010023, -9.96247
Multi time: 3767.91
R6.5: 0:[7,6,],1:[24,16,0,],2:[24,23,16,0,],3:[24,7,],4:[12,11,],5:[12,],6:[31,20,19,6,4,],7:[31,27,20,15,12,4,3,],8:[31,28,27,8,7,],9:[24,23,],10:[26,24,19,8,7,0,],11:[24,23,15,12,11,8,7,3,0,],12:[28,23,22,16,8,0,],13:[24,8,],14:[24,16,],15:[24,19,18,16,12,7,6,],-->R6.75: 0:[28,23,22,16,8,7,0,],1:[16,15,8,0,],2:[0,],3:[19,18,16,12,],4:[12,11,7,],5:[24,23,16,12,0,],6:[31,24,20,19,16,15,6,4,0,],7:[31,27,24,23,20,15,12,7,4,3,],8:[31,28,27,8,7,],9:[24,23,],10:[26,24,19,8,7,0,],11:[24,23,15,12,11,8,7,3,0,],12:[31,30,24,16,8,4,],13:[16,0,],14:[24,0,],15:[27,26,24,20,15,14,0,],0.0078422, -6.99453
Multi time: 444.094
R6.75: 0:[28,23,22,16,8,7,0,],1:[16,15,8,0,],2:[0,],3:[19,18,16,12,],4:[12,11,7,],5:[24,23,16,12,0,],6:[31,24,20,19,16,15,6,4,0,],7:[31,27,24,23,20,15,12,7,4,3,],8:[31,28,27,8,7,],9:[24,23,],10:[26,24,19,8,7,0,],11:[24,23,15,12,11,8,7,3,0,],12:[31,30,24,16,8,4,],13:[16,0,],14:[24,0,],15:[27,26,24,20,15,14,0,],-->R7: 0:[28,23,22,16,8,7,0,],1:[16,15,8,0,],2:[0,],3:[19,18,16,12,],4:[19,18,14,],5:[31,30,23,19,7,],6:[31,27,26,23,22,13,11,7,6,],7:[31,30,27,22,19,14,11,10,6,2,],8:[31,28,12,11,8,7,],9:[23,16,12,0,],10:[31,26,20,18,16,15,8,7,6,4,],11:[31,27,20,8,7,4,2,0,],12:[28,24,16,4,],13:[24,16,0,],14:[26,19,8,7,],15:[27,26,23,20,12,8,3,],0.000128708, -12.9236
Multi time: 31088.8
R7: 0:[28,23,22,16,8,7,0,],1:[16,15,8,0,],2:[0,],3:[19,18,16,12,],4:[19,18,14,],5:[31,30,23,19,7,],6:[31,27,26,23,22,13,11,7,6,],7:[31,30,27,22,19,14,11,10,6,2,],8:[31,28,12,11,8,7,],9:[23,16,12,0,],10:[31,26,20,18,16,15,8,7,6,4,],11:[31,27,20,8,7,4,2,0,],12:[28,24,16,4,],13:[24,16,0,],14:[26,19,8,7,],15:[27,26,23,20,12,8,3,],-->R7.25: 0:[28,26,20,16,12,3,0,],1:[28,24,8,7,4,0,],2:[24,16,],3:[26,18,16,12,8,7,],4:[16,15,14,12,11,],5:[31,30,28,19,16,15,8,7,0,],6:[31,27,26,23,22,16,13,11,8,7,6,0,],7:[31,30,27,22,19,14,11,10,6,2,0,],8:[31,28,12,11,8,7,],9:[23,16,12,0,],10:[31,26,20,18,16,15,8,7,6,4,],11:[31,27,20,8,7,4,2,0,],12:[20,12,8,0,],13:[16,8,0,],14:[24,23,10,3,],15:[28,24,19,11,10,7,4,],0.00194424, -9.00657
Multi time: 2845.81
Total: -47.4585
