Optimal Solution found!
X14->X28
X[14]: 9:[0,],
X[15]: 9:[0,],
X[16]: 9:[0,], 14:[0,],
X[17]: 2:[0,], 9:[0,], 14:[16,],
X[18]: 2:[0,], 9:[0,], 13:[0,], 14:[16,],
X[19]: 1:[0,], 2:[16,0,], 6:[0,], 9:[0,], 13:[8,], 14:[24,],
X[20]: 1:[0,], 2:[16,0,], 6:[7,], 9:[0,], 10:[0,], 13:[8,0,], 14:[24,],
X[21]: 1:[0,], 2:[16,15,8,], 3:[24,], 6:[7,0,], 7:[16,0,], 9:[0,], 10:[0,], 13:[24,16,], 14:[8,],
X[22]: 1:[0,], 2:[16,15,8,], 3:[24,], 6:[19,12,], 7:[28,12,], 8:[16,0,], 9:[0,], 10:[0,], 11:[7,0,], 13:[24,16,], 14:[8,0,], 15:[0,],
X[23]: 0:[0,], 1:[0,], 2:[24,8,7,], 3:[24,8,0,], 4:[24,23,], 6:[19,12,0,], 7:[28,16,12,8,], 8:[16,0,], 9:[0,], 10:[0,], 11:[7,0,], 13:[24,0,], 14:[16,8,], 15:[8,],
X[24]: 0:[0,], 1:[0,], 2:[24,8,7,], 3:[24,8,0,], 4:[31,30,], 6:[26,19,7,], 7:[23,19,15,3,], 8:[28,12,8,0,], 9:[24,23,0,], 10:[0,], 11:[19,12,7,6,], 12:[7,0,], 13:[24,16,15,], 14:[16,8,0,], 15:[8,0,],
X[25]: 0:[7,], 1:[24,16,15,0,], 2:[24,16,0,], 3:[24,], 4:[31,30,0,], 5:[0,], 6:[26,24,23,19,8,7,], 7:[24,19,15,8,7,3,0,], 8:[28,12,8,0,], 9:[24,23,0,], 10:[0,], 11:[19,12,7,6,], 12:[23,16,], 13:[31,8,0,], 14:[24,16,0,], 15:[24,16,],
X[26]: 0:[7,], 1:[24,16,15,0,], 2:[24,16,0,], 3:[24,], 4:[12,11,10,], 5:[12,], 6:[31,20,19,6,4,3,], 7:[31,27,20,19,15,12,4,], 8:[31,30,28,27,12,11,8,], 9:[24,], 10:[26,24,23,19,8,7,0,], 11:[24,15,12,8,3,0,], 12:[28,23,16,12,8,7,0,], 13:[31,24,8,], 14:[24,16,], 15:[24,19,18,16,12,11,7,],
X[27]: 0:[28,23,16,12,8,6,0,], 1:[31,16,8,0,], 2:[0,], 3:[19,18,16,12,11,7,], 4:[12,11,10,7,], 5:[24,23,16,12,0,], 6:[31,24,23,20,19,16,15,6,4,3,0,], 7:[31,27,24,23,20,19,15,12,4,], 8:[31,30,28,27,12,11,8,], 9:[24,], 10:[26,24,23,19,8,7,0,], 11:[24,15,12,8,3,0,], 12:[31,24,20,16,15,8,4,], 13:[16,7,0,], 14:[24,0,], 15:[27,26,24,20,19,15,0,],
X[28]: 0:[28,23,16,12,8,6,0,], 1:[31,16,8,0,], 2:[0,], 3:[19,18,16,12,11,7,], 4:[19,18,17,14,], 5:[31,30,23,19,7,], 6:[31,30,27,26,23,22,13,11,10,7,6,], 7:[31,30,27,26,22,19,11,6,2,], 8:[31,28,10,8,7,], 9:[16,12,0,], 10:[31,26,25,23,20,16,15,8,6,4,3,], 11:[31,27,23,20,19,8,7,4,3,0,], 12:[28,24,20,16,15,12,11,7,4,], 13:[24,16,7,0,], 14:[26,19,18,8,], 15:[27,26,23,20,19,14,12,11,8,3,2,],
Prob:37