10:[0,],-->1:[8,],2:[16,],3:[24,3,],4:[27,16,15,0,],7:[8,7,],9:[0,],10:[0,],11:[0,],14:[27,22,],15:[27,0,],0.0475969, -4.39299
Multi time: 79.25
1:[8,],2:[16,],3:[24,3,],4:[27,16,15,0,],7:[8,7,],9:[0,],10:[0,],11:[0,],14:[27,22,],15:[27,0,],-->0:[11,0,],1:[8,],2:[16,],3:[24,3,],4:[26,24,23,10,5,3,2,],7:[8,7,],8:[27,26,16,15,10,5,0,],9:[0,],10:[0,],11:[0,],12:[27,16,0,],14:[27,22,],15:[27,0,],-0.0277212, -5.17287
Multi time: 141
0:[11,0,],1:[8,],2:[16,],3:[24,3,],4:[26,24,23,10,5,3,2,],7:[8,7,],8:[27,26,16,15,10,5,0,],9:[0,],10:[0,],11:[0,],12:[27,16,0,],14:[27,22,],15:[27,0,],-->0:[11,],1:[19,16,8,],2:[16,],3:[24,3,],4:[26,24,23,10,5,3,2,],5:[11,10,0,],7:[8,7,],8:[27,26,16,15,10,5,0,],9:[8,7,0,],10:[0,],11:[0,],12:[27,16,0,],13:[27,0,],14:[27,22,],15:[27,0,],0.166675, -2.58489
Multi time: 19.25
0:[11,],1:[19,16,8,],2:[16,],3:[24,3,],4:[26,24,23,10,5,3,2,],5:[11,10,0,],7:[8,7,],8:[27,26,16,15,10,5,0,],9:[8,7,0,],10:[0,],11:[0,],12:[27,16,0,],13:[27,0,],14:[27,22,],15:[27,0,],-->0:[11,],1:[26,19,16,8,0,],2:[27,16,3,2,],3:[24,3,],4:[26,24,23,10,5,3,2,],5:[11,10,0,],6:[27,19,18,16,15,8,7,],7:[8,7,],8:[27,26,16,15,10,5,0,],9:[8,7,0,],10:[16,15,0,],11:[0,],12:[27,16,0,],13:[27,0,],14:[27,22,0,],15:[27,0,],-0.000986007, -9.98611
Multi time: 1105
0:[11,],1:[26,19,16,8,0,],2:[27,16,3,2,],3:[24,3,],4:[26,24,23,10,5,3,2,],5:[11,10,0,],6:[27,19,18,16,15,8,7,],7:[8,7,],8:[27,26,16,15,10,5,0,],9:[8,7,0,],10:[16,15,0,],11:[0,],12:[27,16,0,],13:[27,0,],14:[27,22,0,],15:[27,0,],-->0:[11,],1:[26,19,16,8,0,],2:[27,16,3,2,0,],3:[24,22,8,0,],4:[26,24,23,10,5,3,2,],5:[11,10,0,],6:[27,19,18,16,15,8,7,],7:[18,16,3,0,],8:[27,26,16,15,10,5,0,],9:[8,7,0,],10:[16,15,0,],11:[24,23,18,8,3,0,],12:[27,16,0,],13:[27,0,],14:[27,22,0,],15:[22,8,7,0,],-0.00457922, -7.77068
Multi time: 627.5
0:[11,],1:[26,19,16,8,0,],2:[27,16,3,2,0,],3:[24,22,8,0,],4:[26,24,23,10,5,3,2,],5:[11,10,0,],6:[27,19,18,16,15,8,7,],7:[18,16,3,0,],8:[27,26,16,15,10,5,0,],9:[8,7,0,],10:[16,15,0,],11:[24,23,18,8,3,0,],12:[27,16,0,],13:[27,0,],14:[27,22,0,],15:[22,8,7,0,],-->0:[31,19,18,0,],1:[26,19,16,8,0,],2:[27,16,3,2,0,],3:[24,22,16,8,7,],4:[26,24,23,10,5,3,2,],5:[24,21,],6:[27,19,18,16,15,8,7,],7:[18,16,3,0,],8:[27,26,16,15,10,5,0,],9:[8,7,0,],10:[21,16,10,],11:[24,23,18,8,3,0,],12:[27,16,0,],13:[27,0,],14:[27,22,0,],15:[17,16,3,],0.00175652, -9.15306
Multi time: 2426.5
Total: -39.09


10:[0,],-->1:[8,],2:[16,],3:[24,3,],4:[27,26,16,15,0,],7:[8,7,],9:[0,],10:[0,],11:[0,],14:[27,22,],15:[27,0,],-0.0357133, -4.80739
Multi time: 156.75
1:[8,],2:[16,],3:[24,3,],4:[27,26,16,15,0,],7:[8,7,],9:[0,],10:[0,],11:[0,],14:[27,22,],15:[27,0,],-->0:[11,0,],1:[8,],2:[16,],3:[24,3,],4:[26,24,23,10,5,3,2,],7:[8,7,],8:[27,26,16,15,10,5,0,],9:[0,],10:[0,],11:[0,],12:[27,26,16,0,],14:[27,22,],15:[27,0,],-0.0278161, -5.16794
Multi time: 262.5
0:[11,0,],1:[8,],2:[16,],3:[24,3,],4:[26,24,23,10,5,3,2,],7:[8,7,],8:[27,26,16,15,10,5,0,],9:[0,],10:[0,],11:[0,],12:[27,26,16,0,],14:[27,22,],15:[27,0,],-->0:[11,],1:[19,16,8,],2:[16,],3:[24,3,],4:[26,24,23,10,5,3,2,],5:[11,10,0,],7:[8,7,],8:[27,26,16,15,10,5,0,],9:[8,7,0,],10:[0,],11:[0,],12:[27,26,16,0,],13:[27,0,],14:[27,22,],15:[27,0,],0.166651, -2.5851
Multi time: 36.75
0:[11,],1:[19,16,8,],2:[16,],3:[24,3,],4:[26,24,23,10,5,3,2,],5:[11,10,0,],7:[8,7,],8:[27,26,16,15,10,5,0,],9:[8,7,0,],10:[0,],11:[0,],12:[27,26,16,0,],13:[27,0,],14:[27,22,],15:[27,0,],-->0:[11,],1:[26,19,16,8,0,],2:[27,16,3,2,],3:[24,3,],4:[26,24,23,10,5,3,2,],5:[11,10,0,],6:[27,19,18,16,15,8,7,],7:[8,7,],8:[27,26,16,15,10,5,0,],9:[8,7,0,],10:[16,15,0,],11:[0,],12:[27,26,16,0,],13:[27,0,],14:[27,22,0,],15:[27,0,],-0.00100177, -9.96323
Multi time: 1182.75
0:[11,],1:[26,19,16,8,0,],2:[27,16,3,2,],3:[24,3,],4:[26,24,23,10,5,3,2,],5:[11,10,0,],6:[27,19,18,16,15,8,7,],7:[8,7,],8:[27,26,16,15,10,5,0,],9:[8,7,0,],10:[16,15,0,],11:[0,],12:[27,26,16,0,],13:[27,0,],14:[27,22,0,],15:[27,0,],-->0:[11,],1:[26,19,16,8,0,],2:[27,16,3,2,0,],3:[24,22,8,0,],4:[26,24,23,10,5,3,2,],5:[11,10,0,],6:[27,19,18,16,15,8,7,],7:[18,16,3,0,],8:[27,26,16,15,10,5,0,],9:[8,7,0,],10:[16,15,0,],11:[24,23,18,8,3,0,],12:[27,26,16,0,],13:[27,0,],14:[27,22,0,],15:[22,8,7,0,],-0.00463079, -7.75453
Multi time: 611.25
0:[11,],1:[26,19,16,8,0,],2:[27,16,3,2,0,],3:[24,22,8,0,],4:[26,24,23,10,5,3,2,],5:[11,10,0,],6:[27,19,18,16,15,8,7,],7:[18,16,3,0,],8:[27,26,16,15,10,5,0,],9:[8,7,0,],10:[16,15,0,],11:[24,23,18,8,3,0,],12:[27,26,16,0,],13:[27,0,],14:[27,22,0,],15:[22,8,7,0,],-->0:[31,19,18,0,],1:[26,19,16,8,0,],2:[27,16,3,2,0,],3:[24,22,16,8,7,],4:[26,24,23,10,5,3,2,],5:[24,21,],6:[27,19,18,16,15,8,7,],7:[18,16,3,0,],8:[27,26,16,15,10,5,0,],9:[8,7,0,],10:[21,16,10,],11:[24,23,18,8,3,0,],12:[27,26,16,0,],13:[27,0,],14:[27,22,0,],15:[17,16,3,],0.00175959, -9.15054
Multi time: 2486.25
Total: -39.42


10:[0,],-->1:[8,],2:[16,15,],3:[24,23,3,],4:[27,16,15,0,],7:[8,],9:[0,],10:[0,],11:[0,],14:[27,22,],15:[27,0,],-0.0475186, -4.39536
Multi time: 155.75
1:[8,],2:[16,15,],3:[24,23,3,],4:[27,16,15,0,],7:[8,],9:[0,],10:[0,],11:[0,],14:[27,22,],15:[27,0,],-->0:[11,0,],1:[8,],2:[16,15,],3:[24,23,3,],4:[26,24,10,5,3,2,],7:[8,],8:[27,26,16,15,10,5,0,],9:[0,],10:[0,],11:[0,],12:[27,16,0,],14:[27,22,],15:[27,0,],-0.0277083, -5.17354
Multi time: 268.25
0:[11,0,],1:[8,],2:[16,15,],3:[24,23,3,],4:[26,24,10,5,3,2,],7:[8,],8:[27,26,16,15,10,5,0,],9:[0,],10:[0,],11:[0,],12:[27,16,0,],14:[27,22,],15:[27,0,],-->0:[11,],1:[19,16,8,],2:[16,15,],3:[24,23,3,],4:[26,24,10,5,3,2,],5:[11,10,0,],7:[8,],8:[27,26,16,15,10,5,0,],9:[8,7,0,],10:[0,],11:[0,],12:[27,16,0,],13:[27,0,],14:[27,22,],15:[27,0,],0.166667, -2.58496
Multi time: 36
0:[11,],1:[19,16,8,],2:[16,15,],3:[24,23,3,],4:[26,24,10,5,3,2,],5:[11,10,0,],7:[8,],8:[27,26,16,15,10,5,0,],9:[8,7,0,],10:[0,],11:[0,],12:[27,16,0,],13:[27,0,],14:[27,22,],15:[27,0,],-->0:[11,],1:[26,19,16,8,0,],2:[27,16,3,2,],3:[24,23,3,],4:[26,24,10,5,3,2,],5:[11,10,0,],6:[27,19,18,16,8,7,],7:[8,],8:[27,26,16,15,10,5,0,],9:[8,7,0,],10:[16,0,],11:[0,],12:[27,16,0,],13:[27,0,],14:[27,22,0,],15:[27,0,],-0.000921773, -10.0833
Multi time: 1165.5
0:[11,],1:[26,19,16,8,0,],2:[27,16,3,2,],3:[24,23,3,],4:[26,24,10,5,3,2,],5:[11,10,0,],6:[27,19,18,16,8,7,],7:[8,],8:[27,26,16,15,10,5,0,],9:[8,7,0,],10:[16,0,],11:[0,],12:[27,16,0,],13:[27,0,],14:[27,22,0,],15:[27,0,],-->0:[11,],1:[26,19,16,8,0,],2:[27,16,3,2,0,],3:[24,22,8,0,],4:[26,24,10,5,3,2,],5:[11,10,0,],6:[27,19,18,16,8,7,],7:[23,18,17,16,3,0,],8:[27,26,16,15,10,5,0,],9:[8,7,0,],10:[16,0,],11:[24,18,17,8,3,0,],12:[27,16,0,],13:[27,0,],14:[27,22,0,],15:[22,8,7,0,],0.00458162, -7.76993
Multi time: 619.5
0:[11,],1:[26,19,16,8,0,],2:[27,16,3,2,0,],3:[24,22,8,0,],4:[26,24,10,5,3,2,],5:[11,10,0,],6:[27,19,18,16,8,7,],7:[23,18,17,16,3,0,],8:[27,26,16,15,10,5,0,],9:[8,7,0,],10:[16,0,],11:[24,18,17,8,3,0,],12:[27,16,0,],13:[27,0,],14:[27,22,0,],15:[22,8,7,0,],-->0:[31,19,18,0,],1:[26,19,16,8,0,],2:[27,16,3,2,0,],3:[24,22,16,8,7,],4:[26,24,10,5,3,2,],5:[24,21,],6:[27,19,18,16,8,7,],7:[23,18,17,16,3,0,],8:[27,26,16,15,10,5,0,],9:[8,7,0,],10:[21,16,10,],11:[24,18,17,8,3,0,],12:[27,16,0,],13:[27,0,],14:[27,22,0,],15:[17,16,15,10,3,],-0.000973718, -10.0042
Multi time: 2486
Total: -39.99


10:[0,],-->1:[8,],2:[16,15,],3:[24,23,3,],4:[27,26,16,15,0,],7:[8,],9:[0,],10:[0,],11:[0,],14:[27,22,],15:[27,0,],0.0356714, -4.80909
Multi time: 151
1:[8,],2:[16,15,],3:[24,23,3,],4:[27,26,16,15,0,],7:[8,],9:[0,],10:[0,],11:[0,],14:[27,22,],15:[27,0,],-->0:[11,0,],1:[8,],2:[16,15,],3:[24,23,3,],4:[26,24,10,5,3,2,],7:[8,],8:[27,26,16,15,10,5,0,],9:[0,],10:[0,],11:[0,],12:[27,26,16,0,],14:[27,22,],15:[27,0,],-0.0277854, -5.16953
Multi time: 271.5
0:[11,0,],1:[8,],2:[16,15,],3:[24,23,3,],4:[26,24,10,5,3,2,],7:[8,],8:[27,26,16,15,10,5,0,],9:[0,],10:[0,],11:[0,],12:[27,26,16,0,],14:[27,22,],15:[27,0,],-->0:[11,],1:[19,16,8,],2:[16,15,],3:[24,23,3,],4:[26,24,10,5,3,2,],5:[11,10,0,],7:[8,],8:[27,26,16,15,10,5,0,],9:[8,7,0,],10:[0,],11:[0,],12:[27,26,16,0,],13:[27,0,],14:[27,22,],15:[27,0,],0.166497, -2.58643
Multi time: 35.25
0:[11,],1:[19,16,8,],2:[16,15,],3:[24,23,3,],4:[26,24,10,5,3,2,],5:[11,10,0,],7:[8,],8:[27,26,16,15,10,5,0,],9:[8,7,0,],10:[0,],11:[0,],12:[27,26,16,0,],13:[27,0,],14:[27,22,],15:[27,0,],-->0:[11,],1:[26,19,16,8,0,],2:[27,16,3,2,],3:[24,23,3,],4:[26,24,10,5,3,2,],5:[11,10,0,],6:[27,19,18,16,8,7,],7:[8,],8:[27,26,16,15,10,5,0,],9:[8,7,0,],10:[16,0,],11:[0,],12:[27,26,16,0,],13:[27,0,],14:[27,22,0,],15:[27,0,],-0.000974382, -10.0032
Multi time: 1141.5
0:[11,],1:[26,19,16,8,0,],2:[27,16,3,2,],3:[24,23,3,],4:[26,24,10,5,3,2,],5:[11,10,0,],6:[27,19,18,16,8,7,],7:[8,],8:[27,26,16,15,10,5,0,],9:[8,7,0,],10:[16,0,],11:[0,],12:[27,26,16,0,],13:[27,0,],14:[27,22,0,],15:[27,0,],-->0:[11,],1:[26,19,16,8,0,],2:[27,16,3,2,0,],3:[24,22,8,0,],4:[26,24,10,5,3,2,],5:[11,10,0,],6:[27,19,18,16,8,7,],7:[23,18,17,16,3,0,],8:[27,26,16,15,10,5,0,],9:[8,7,0,],10:[16,0,],11:[24,23,18,17,8,3,0,],12:[27,26,16,0,],13:[27,0,],14:[27,22,0,],15:[22,8,7,0,],0.0046503, -7.74846
Multi time: 612.5
0:[11,],1:[26,19,16,8,0,],2:[27,16,3,2,0,],3:[24,22,8,0,],4:[26,24,10,5,3,2,],5:[11,10,0,],6:[27,19,18,16,8,7,],7:[23,18,17,16,3,0,],8:[27,26,16,15,10,5,0,],9:[8,7,0,],10:[16,0,],11:[24,23,18,17,8,3,0,],12:[27,26,16,0,],13:[27,0,],14:[27,22,0,],15:[22,8,7,0,],-->0:[31,19,18,0,],1:[26,19,16,8,0,],2:[27,16,3,2,0,],3:[24,22,16,8,7,],4:[26,24,10,5,3,2,],5:[24,21,],6:[27,19,18,16,8,7,],7:[23,18,17,16,3,0,],8:[27,26,16,15,10,5,0,],9:[8,7,0,],10:[21,16,10,],11:[24,23,18,17,8,3,0,],12:[27,26,16,0,],13:[27,0,],14:[27,22,0,],15:[17,16,15,10,3,],-0.000978131, -9.99768
Multi time: 2499.25
Total: -40.31


10:[0,],-->1:[8,],2:[16,],3:[24,3,],4:[27,26,16,15,0,],7:[8,7,],9:[0,],10:[0,],11:[0,],14:[27,22,],15:[27,0,],-0.0357478, -4.806
Multi time: 156.5
1:[8,],2:[16,],3:[24,3,],4:[27,26,16,15,0,],7:[8,7,],9:[0,],10:[0,],11:[0,],14:[27,22,],15:[27,0,],-->0:[11,0,],1:[8,],2:[16,],3:[24,3,],4:[26,24,23,10,5,3,2,],7:[8,7,],8:[27,26,16,15,10,5,0,],9:[0,],10:[0,],11:[0,],12:[27,26,16,0,],14:[27,22,],15:[27,0,],-0.0278023, -5.16865
Multi time: 260.75
0:[11,0,],1:[8,],2:[16,],3:[24,3,],4:[26,24,23,10,5,3,2,],7:[8,7,],8:[27,26,16,15,10,5,0,],9:[0,],10:[0,],11:[0,],12:[27,26,16,0,],14:[27,22,],15:[27,0,],-->0:[11,],1:[19,16,8,],2:[16,],3:[24,3,],4:[26,24,23,10,5,3,2,],5:[11,10,0,],7:[8,7,],8:[27,26,16,15,10,5,0,],9:[8,7,0,],10:[0,],11:[0,],12:[27,26,16,0,],13:[27,0,],14:[27,22,],15:[27,0,],0.166721, -2.58449
Multi time: 35.5
0:[11,],1:[19,16,8,],2:[16,],3:[24,3,],4:[26,24,23,10,5,3,2,],5:[11,10,0,],7:[8,7,],8:[27,26,16,15,10,5,0,],9:[8,7,0,],10:[0,],11:[0,],12:[27,26,16,0,],13:[27,0,],14:[27,22,],15:[27,0,],-->0:[11,],1:[26,19,16,8,0,],2:[27,16,3,2,],3:[24,3,],4:[26,24,23,10,5,3,2,],5:[11,10,0,],6:[27,19,18,16,15,8,7,],7:[8,7,],8:[27,26,16,15,10,5,0,],9:[8,7,0,],10:[16,15,0,],11:[0,],12:[27,26,16,0,],13:[27,0,],14:[27,22,0,],15:[27,0,],-0.000930299, -10.07
Multi time: 1190.5
0:[11,],1:[26,19,16,8,0,],2:[27,16,3,2,],3:[24,3,],4:[26,24,23,10,5,3,2,],5:[11,10,0,],6:[27,19,18,16,15,8,7,],7:[8,7,],8:[27,26,16,15,10,5,0,],9:[8,7,0,],10:[16,15,0,],11:[0,],12:[27,26,16,0,],13:[27,0,],14:[27,22,0,],15:[27,0,],-->0:[11,],1:[26,19,16,8,0,],2:[27,16,3,2,0,],3:[24,8,0,],4:[26,24,23,10,5,3,2,],5:[11,10,0,],6:[27,19,18,16,15,8,7,],7:[18,16,15,3,0,],8:[27,26,16,15,10,5,0,],9:[8,7,0,],10:[16,15,0,],11:[24,23,18,8,3,0,],12:[27,26,16,0,],13:[27,0,],14:[27,22,0,],15:[22,8,7,0,],0.00917795, -6.76761
Multi time: 638.5
0:[11,],1:[26,19,16,8,0,],2:[27,16,3,2,0,],3:[24,8,0,],4:[26,24,23,10,5,3,2,],5:[11,10,0,],6:[27,19,18,16,15,8,7,],7:[18,16,15,3,0,],8:[27,26,16,15,10,5,0,],9:[8,7,0,],10:[16,15,0,],11:[24,23,18,8,3,0,],12:[27,26,16,0,],13:[27,0,],14:[27,22,0,],15:[22,8,7,0,],-->0:[31,30,29,19,18,0,],1:[26,19,16,8,0,],2:[27,16,3,2,0,],3:[24,16,8,7,],4:[26,24,23,10,5,3,2,],5:[24,22,21,],6:[27,19,18,16,15,8,7,],7:[18,16,15,3,0,],8:[27,26,16,15,10,5,0,],9:[8,7,0,],10:[21,16,10,],11:[24,23,18,8,3,0,],12:[27,26,16,0,],13:[27,0,],14:[27,22,0,],15:[17,16,3,],-0.000763505, -10.3551
Multi time: 2478.75
Total: -39.76


10:[0,],-->1:[8,],2:[16,],3:[24,3,],4:[27,16,15,0,],7:[8,7,],9:[0,],10:[0,],11:[0,],14:[27,22,],15:[27,0,],0.0477038, -4.38975
Multi time: 164.75
1:[8,],2:[16,],3:[24,3,],4:[27,16,15,0,],7:[8,7,],9:[0,],10:[0,],11:[0,],14:[27,22,],15:[27,0,],-->0:[11,0,],1:[8,],2:[16,],3:[24,3,],4:[26,24,23,10,5,3,2,],7:[8,7,],8:[27,26,16,15,10,5,0,],9:[0,],10:[0,],11:[0,],12:[27,16,0,],14:[27,22,],15:[27,0,],-0.0277159, -5.17314
Multi time: 262.5
0:[11,0,],1:[8,],2:[16,],3:[24,3,],4:[26,24,23,10,5,3,2,],7:[8,7,],8:[27,26,16,15,10,5,0,],9:[0,],10:[0,],11:[0,],12:[27,16,0,],14:[27,22,],15:[27,0,],-->0:[11,],1:[19,16,8,],2:[16,],3:[24,3,],4:[26,24,23,10,5,3,2,],5:[11,10,0,],7:[8,7,],8:[27,26,16,15,10,5,0,],9:[8,7,0,],10:[0,],11:[0,],12:[27,16,0,],13:[27,0,],14:[27,22,],15:[27,0,],0.166812, -2.58371
Multi time: 34.5
0:[11,],1:[19,16,8,],2:[16,],3:[24,3,],4:[26,24,23,10,5,3,2,],5:[11,10,0,],7:[8,7,],8:[27,26,16,15,10,5,0,],9:[8,7,0,],10:[0,],11:[0,],12:[27,16,0,],13:[27,0,],14:[27,22,],15:[27,0,],-->0:[11,],1:[26,19,16,8,0,],2:[27,16,3,2,],3:[24,3,],4:[26,24,23,10,5,3,2,],5:[11,10,0,],6:[27,19,18,16,15,8,7,],7:[8,7,],8:[27,26,16,15,10,5,0,],9:[8,7,0,],10:[16,15,0,],11:[0,],12:[27,16,0,],13:[27,0,],14:[27,22,0,],15:[27,0,],-0.000958033, -10.0276
Multi time: 863.75
0:[11,],1:[26,19,16,8,0,],2:[27,16,3,2,],3:[24,3,],4:[26,24,23,10,5,3,2,],5:[11,10,0,],6:[27,19,18,16,15,8,7,],7:[8,7,],8:[27,26,16,15,10,5,0,],9:[8,7,0,],10:[16,15,0,],11:[0,],12:[27,16,0,],13:[27,0,],14:[27,22,0,],15:[27,0,],-->0:[11,],1:[26,19,16,8,0,],2:[27,16,3,2,0,],3:[24,22,8,0,],4:[26,24,23,10,5,3,2,],5:[11,10,0,],6:[27,19,18,16,15,8,7,],7:[18,17,16,3,0,],8:[27,26,16,15,10,5,0,],9:[8,7,0,],10:[16,15,0,],11:[24,18,17,8,7,3,0,],12:[27,16,0,],13:[27,0,],14:[27,22,0,],15:[22,8,7,0,],0.00470105, -7.7328
Multi time: 335.5
0:[11,],1:[26,19,16,8,0,],2:[27,16,3,2,0,],3:[24,22,8,0,],4:[26,24,23,10,5,3,2,],5:[11,10,0,],6:[27,19,18,16,15,8,7,],7:[18,17,16,3,0,],8:[27,26,16,15,10,5,0,],9:[8,7,0,],10:[16,15,0,],11:[24,18,17,8,7,3,0,],12:[27,16,0,],13:[27,0,],14:[27,22,0,],15:[22,8,7,0,],-->0:[31,19,18,0,],1:[26,19,16,8,0,],2:[27,16,3,2,0,],3:[24,22,16,8,7,],4:[26,24,23,10,5,3,2,],5:[24,21,],6:[27,19,18,16,15,8,7,],7:[18,17,16,3,0,],8:[27,26,16,15,10,5,0,],9:[8,7,0,],10:[21,16,10,],11:[24,18,17,8,7,3,0,],12:[27,16,0,],13:[27,0,],14:[27,22,0,],15:[17,16,3,],0.00176927, -9.14263
Multi time: 1343
Total: -39.04
