1:[8,],3:[0,],10:[0,],11:[0,],14:[27,0,],15:[27,0,],-->1:[8,],2:[16,],3:[0,],7:[8,7,],10:[0,],11:[0,],14:[27,0,],15:[27,0,],0.500423, -0.99878
Multi time: 1.25
1:[8,],2:[16,],3:[0,],7:[8,7,],10:[0,],11:[0,],14:[27,0,],15:[27,0,],-->1:[8,],3:[3,],4:[27,0,],7:[8,7,],9:[0,],10:[0,],11:[0,],14:[27,22,21,],15:[27,0,],0.00012598, -12.9545
Multi time: 25990.5
1:[8,],3:[3,],4:[27,0,],7:[8,7,],9:[0,],10:[0,],11:[0,],14:[27,22,21,],15:[27,0,],-->0:[11,10,],1:[8,],3:[3,],4:[10,5,4,3,],7:[8,7,],8:[27,10,5,4,0,],9:[0,],10:[0,],11:[0,],12:[27,26,0,],14:[27,22,21,],15:[27,0,],0.166339, -2.58781
Multi time: 21.25
0:[11,10,],1:[8,],3:[3,],4:[10,5,4,3,],7:[8,7,],8:[27,10,5,4,0,],9:[0,],10:[0,],11:[0,],12:[27,26,0,],14:[27,22,21,],15:[27,0,],-->0:[11,10,0,],1:[19,],3:[3,],4:[10,5,4,3,],5:[11,10,],7:[8,7,],8:[27,10,5,4,0,],9:[8,0,],10:[0,],11:[0,],12:[27,26,0,],13:[27,0,],14:[27,22,21,],15:[27,0,],-0.0416088, -4.58697
Multi time: 112.75
0:[11,10,0,],1:[19,],3:[3,],4:[10,5,4,3,],5:[11,10,],7:[8,7,],8:[27,10,5,4,0,],9:[8,0,],10:[0,],11:[0,],12:[27,26,0,],13:[27,0,],14:[27,22,21,],15:[27,0,],-->0:[11,10,0,],1:[19,0,],2:[27,26,3,],3:[3,],4:[10,5,4,3,],5:[11,10,],6:[27,19,],7:[8,7,],8:[27,10,5,4,0,],9:[8,0,],10:[0,],11:[0,],12:[27,26,0,],13:[27,0,],14:[27,22,17,16,0,],15:[27,0,],-0.00187798, -9.0566
Multi time: 1995.25
0:[11,10,0,],1:[19,0,],2:[27,26,3,],3:[3,],4:[10,5,4,3,],5:[11,10,],6:[27,19,],7:[8,7,],8:[27,10,5,4,0,],9:[8,0,],10:[0,],11:[0,],12:[27,26,0,],13:[27,0,],14:[27,22,17,16,0,],15:[27,0,],-->0:[11,10,0,],1:[19,0,],2:[27,3,0,],3:[8,],4:[10,5,4,3,],5:[11,10,],6:[27,19,],7:[18,3,2,0,],8:[27,10,5,4,0,],9:[8,0,],10:[0,],11:[18,8,7,3,2,0,],12:[27,26,0,],13:[27,0,],14:[27,22,17,16,0,],15:[22,21,8,0,],0.0554851, -4.17175
Multi time: 111
0:[11,10,0,],1:[19,0,],2:[27,3,0,],3:[8,],4:[10,5,4,3,],5:[11,10,],6:[27,19,],7:[18,3,2,0,],8:[27,10,5,4,0,],9:[8,0,],10:[0,],11:[18,8,7,3,2,0,],12:[27,26,0,],13:[27,0,],14:[27,22,17,16,0,],15:[22,21,8,0,],-->0:[30,19,18,],1:[19,0,],2:[27,3,0,],3:[21,8,0,],4:[10,5,4,3,],5:[22,21,20,0,],6:[27,19,],7:[18,3,2,0,],8:[27,10,5,4,0,],9:[8,0,],10:[21,20,10,],11:[18,8,7,3,2,0,],12:[27,26,0,],13:[27,0,],14:[27,22,17,16,0,],15:[17,11,10,3,0,],0.00586289, -7.41417
Multi time: 517.5
0:[30,19,18,],1:[19,0,],2:[27,3,0,],3:[21,8,0,],4:[10,5,4,3,],5:[22,21,20,0,],6:[27,19,],7:[18,3,2,0,],8:[27,10,5,4,0,],9:[8,0,],10:[21,20,10,],11:[18,8,7,3,2,0,],12:[27,26,0,],13:[27,0,],14:[27,22,17,16,0,],15:[17,11,10,3,0,],-->0:[30,19,17,8,7,3,2,0,],1:[6,3,2,],2:[27,3,0,],3:[21,8,0,],4:[10,5,4,3,],5:[22,21,20,0,],6:[30,28,27,19,5,4,0,],7:[18,3,2,0,],8:[27,10,5,4,0,],9:[8,0,],10:[21,20,10,],11:[29,28,27,26,8,5,4,3,],12:[30,29,27,22,21,19,13,8,2,0,],13:[27,0,],14:[27,22,17,16,0,],15:[17,11,10,3,0,],4.17673e-05, -14.5473
Multi time: 133053
