1:[8,],3:[0,],10:[0,],11:[0,],14:[27,0,],15:[27,0,],-->1:[8,],2:[16,],3:[0,],7:[8,7,],10:[0,],11:[0,],14:[27,0,],15:[27,0,],0.500435, -0.998744
Multi time: 1.75
1:[8,],2:[16,],3:[0,],7:[8,7,],10:[0,],11:[0,],14:[27,0,],15:[27,0,],-->1:[8,],3:[3,2,],4:[27,26,0,],7:[8,7,],9:[0,],10:[0,],11:[0,],14:[27,22,21,],15:[27,0,],0.000129365, -12.9163
Multi time: 26064.8
1:[8,],3:[3,2,],4:[27,26,0,],7:[8,7,],9:[0,],10:[0,],11:[0,],14:[27,22,21,],15:[27,0,],-->0:[11,],1:[8,],3:[3,2,],4:[10,5,3,],7:[8,7,],8:[27,10,5,0,],9:[0,],10:[0,],11:[0,],12:[27,26,0,],14:[27,22,21,],15:[27,0,],0.166514, -2.58629
Multi time: 26.75
0:[11,],1:[8,],3:[3,2,],4:[10,5,3,],7:[8,7,],8:[27,10,5,0,],9:[0,],10:[0,],11:[0,],12:[27,26,0,],14:[27,22,21,],15:[27,0,],-->0:[11,0,],1:[19,],3:[3,2,],4:[10,5,3,],5:[11,],7:[8,7,],8:[27,10,5,0,],9:[8,0,],10:[0,],11:[0,],12:[27,26,0,],13:[27,0,],14:[27,22,21,],15:[27,0,],0.0415614, -4.58861
Multi time: 115.5
0:[11,0,],1:[19,],3:[3,2,],4:[10,5,3,],5:[11,],7:[8,7,],8:[27,10,5,0,],9:[8,0,],10:[0,],11:[0,],12:[27,26,0,],13:[27,0,],14:[27,22,21,],15:[27,0,],-->0:[11,0,],1:[19,0,],2:[27,26,3,],3:[3,2,],4:[10,5,3,],5:[11,],6:[27,19,],7:[8,7,],8:[27,10,5,0,],9:[8,0,],10:[0,],11:[0,],12:[27,26,0,],13:[27,0,],14:[27,22,17,16,0,],15:[27,0,],-0.00184923, -9.07886
Multi time: 2006.5
0:[11,0,],1:[19,0,],2:[27,26,3,],3:[3,2,],4:[10,5,3,],5:[11,],6:[27,19,],7:[8,7,],8:[27,10,5,0,],9:[8,0,],10:[0,],11:[0,],12:[27,26,0,],13:[27,0,],14:[27,22,17,16,0,],15:[27,0,],-->0:[11,0,],1:[19,0,],2:[27,3,0,],3:[8,],4:[10,5,3,],5:[11,],6:[27,19,],7:[18,3,0,],8:[27,10,5,0,],9:[8,0,],10:[0,],11:[18,8,7,3,0,],12:[27,26,0,],13:[27,0,],14:[27,22,17,16,0,],15:[22,21,8,0,],0.0555947, -4.16891
Multi time: 131.5
0:[11,0,],1:[19,0,],2:[27,3,0,],3:[8,],4:[10,5,3,],5:[11,],6:[27,19,],7:[18,3,0,],8:[27,10,5,0,],9:[8,0,],10:[0,],11:[18,8,7,3,0,],12:[27,26,0,],13:[27,0,],14:[27,22,17,16,0,],15:[22,21,8,0,],-->0:[30,19,],1:[19,0,],2:[27,3,0,],3:[21,8,0,],4:[10,5,3,],5:[22,21,20,0,],6:[27,19,],7:[18,3,0,],8:[27,10,5,0,],9:[8,0,],10:[21,20,10,],11:[18,8,7,3,0,],12:[27,26,0,],13:[27,0,],14:[27,22,17,16,0,],15:[17,11,3,0,],0.00581721, -7.42546
Multi time: 492.5
0:[30,19,],1:[19,0,],2:[27,3,0,],3:[21,8,0,],4:[10,5,3,],5:[22,21,20,0,],6:[27,19,],7:[18,3,0,],8:[27,10,5,0,],9:[8,0,],10:[21,20,10,],11:[18,8,7,3,0,],12:[27,26,0,],13:[27,0,],14:[27,22,17,16,0,],15:[17,11,3,0,],-->0:[30,19,18,17,8,7,3,2,0,],1:[6,3,2,],2:[27,3,0,],3:[21,8,0,],4:[10,5,3,],5:[22,21,20,0,],6:[30,27,19,18,5,4,0,],7:[18,3,0,],8:[27,10,5,0,],9:[8,0,],10:[21,20,10,],11:[29,27,26,8,5,4,3,2,],12:[30,27,22,21,19,13,8,2,0,],13:[27,0,],14:[27,22,17,16,0,],15:[17,11,3,0,],4.4336e-05, -14.4612
Multi time: 131277
