10:[0,],-->1:[8,],2:[16,],3:[24,3,],4:[27,16,15,0,],7:[8,7,],9:[0,],10:[0,],11:[0,],14:[27,22,],15:[27,0,],0.0475482, -4.39447
Multi time: 134.25
1:[8,],2:[16,],3:[24,3,],4:[27,16,15,0,],7:[8,7,],9:[0,],10:[0,],11:[0,],14:[27,22,],15:[27,0,],-->0:[11,0,],1:[8,],2:[16,],3:[24,3,],4:[26,24,23,10,5,3,2,],7:[8,7,],8:[27,26,16,15,10,5,0,],9:[0,],10:[0,],11:[0,],12:[27,16,0,],14:[27,22,],15:[27,0,],-0.0278164, -5.16792
Multi time: 250.75
0:[11,0,],1:[8,],2:[16,],3:[24,3,],4:[26,24,23,10,5,3,2,],7:[8,7,],8:[27,26,16,15,10,5,0,],9:[0,],10:[0,],11:[0,],12:[27,16,0,],14:[27,22,],15:[27,0,],-->0:[11,],1:[19,16,8,],2:[16,],3:[24,3,],4:[26,24,23,10,5,3,2,],5:[11,10,0,],7:[8,7,],8:[27,26,16,15,10,5,0,],9:[8,7,0,],10:[0,],11:[0,],12:[27,16,0,],13:[27,0,],14:[27,22,],15:[27,0,],0.166698, -2.58469
Multi time: 38.25
0:[11,],1:[19,16,8,],2:[16,],3:[24,3,],4:[26,24,23,10,5,3,2,],5:[11,10,0,],7:[8,7,],8:[27,26,16,15,10,5,0,],9:[8,7,0,],10:[0,],11:[0,],12:[27,16,0,],13:[27,0,],14:[27,22,],15:[27,0,],-->0:[11,],1:[26,19,16,8,0,],2:[27,16,3,2,],3:[24,3,],4:[26,24,23,10,5,3,2,],5:[11,10,0,],6:[27,19,18,16,15,8,7,],7:[8,7,],8:[27,26,16,15,10,5,0,],9:[8,7,0,],10:[16,15,0,],11:[0,],12:[27,16,0,],13:[27,0,],14:[27,22,0,],15:[27,0,],-0.000938804, -10.0569
Multi time: 1212.5
0:[11,],1:[26,19,16,8,0,],2:[27,16,3,2,],3:[24,3,],4:[26,24,23,10,5,3,2,],5:[11,10,0,],6:[27,19,18,16,15,8,7,],7:[8,7,],8:[27,26,16,15,10,5,0,],9:[8,7,0,],10:[16,15,0,],11:[0,],12:[27,16,0,],13:[27,0,],14:[27,22,0,],15:[27,0,],-->0:[11,],1:[26,19,16,8,0,],2:[27,16,3,2,0,],3:[24,22,8,0,],4:[26,24,23,10,5,3,2,],5:[11,10,0,],6:[27,19,18,16,15,8,7,],7:[18,16,3,0,],8:[27,26,16,15,10,5,0,],9:[8,7,0,],10:[16,15,0,],11:[24,18,8,3,0,],12:[27,16,0,],13:[27,0,],14:[27,22,0,],15:[22,8,7,0,],0.00464146, -7.75121
Multi time: 601.5
0:[11,],1:[26,19,16,8,0,],2:[27,16,3,2,0,],3:[24,22,8,0,],4:[26,24,23,10,5,3,2,],5:[11,10,0,],6:[27,19,18,16,15,8,7,],7:[18,16,3,0,],8:[27,26,16,15,10,5,0,],9:[8,7,0,],10:[16,15,0,],11:[24,18,8,3,0,],12:[27,16,0,],13:[27,0,],14:[27,22,0,],15:[22,8,7,0,],-->0:[31,19,18,0,],1:[26,19,16,8,0,],2:[27,16,3,2,0,],3:[24,22,16,8,7,],4:[26,24,23,10,5,3,2,],5:[24,21,],6:[27,19,18,16,15,8,7,],7:[18,16,3,0,],8:[27,26,16,15,10,5,0,],9:[8,7,0,],10:[21,16,10,],11:[24,18,8,3,0,],12:[27,16,0,],13:[27,0,],14:[27,22,0,],15:[17,16,3,],0.00178195, -9.13233
Multi time: 2452.75
Total: -39.08


10:[0,],-->1:[8,],2:[16,],3:[24,3,],4:[27,16,15,0,],7:[8,7,],9:[0,],10:[0,],11:[0,],14:[27,22,],15:[27,0,],0.0475552, -4.39425
Multi time: 148.5
1:[8,],2:[16,],3:[24,3,],4:[27,16,15,0,],7:[8,7,],9:[0,],10:[0,],11:[0,],14:[27,22,],15:[27,0,],-->0:[11,0,],1:[8,],2:[16,],3:[24,3,],4:[26,24,23,10,5,3,2,],7:[8,7,],8:[27,26,16,15,10,5,0,],9:[0,],10:[0,],11:[0,],12:[27,16,0,],14:[27,22,],15:[27,0,],-0.0277893, -5.16933
Multi time: 274
0:[11,0,],1:[8,],2:[16,],3:[24,3,],4:[26,24,23,10,5,3,2,],7:[8,7,],8:[27,26,16,15,10,5,0,],9:[0,],10:[0,],11:[0,],12:[27,16,0,],14:[27,22,],15:[27,0,],-->0:[11,],1:[19,16,8,],2:[16,],3:[24,3,],4:[26,24,23,10,5,3,2,],5:[11,10,0,],7:[8,7,],8:[27,26,16,15,10,5,0,],9:[8,7,0,],10:[0,],11:[0,],12:[27,16,0,],13:[27,0,],14:[27,22,],15:[27,0,],0.166516, -2.58626
Multi time: 38.25
0:[11,],1:[19,16,8,],2:[16,],3:[24,3,],4:[26,24,23,10,5,3,2,],5:[11,10,0,],7:[8,7,],8:[27,26,16,15,10,5,0,],9:[8,7,0,],10:[0,],11:[0,],12:[27,16,0,],13:[27,0,],14:[27,22,],15:[27,0,],-->0:[11,],1:[26,19,16,8,0,],2:[27,16,3,2,],3:[24,3,],4:[26,24,23,10,5,3,2,],5:[11,10,0,],6:[27,19,18,16,15,8,7,],7:[8,7,],8:[27,26,16,15,10,5,0,],9:[8,7,0,],10:[16,15,0,],11:[0,],12:[27,16,0,],13:[27,0,],14:[27,22,0,],15:[27,0,],-0.000932287, -10.0669
Multi time: 1257.25
0:[11,],1:[26,19,16,8,0,],2:[27,16,3,2,],3:[24,3,],4:[26,24,23,10,5,3,2,],5:[11,10,0,],6:[27,19,18,16,15,8,7,],7:[8,7,],8:[27,26,16,15,10,5,0,],9:[8,7,0,],10:[16,15,0,],11:[0,],12:[27,16,0,],13:[27,0,],14:[27,22,0,],15:[27,0,],-->0:[11,],1:[26,19,16,8,0,],2:[27,16,3,2,0,],3:[24,22,8,0,],4:[26,24,23,10,5,3,2,],5:[11,10,0,],6:[27,19,18,16,15,8,7,],7:[18,17,16,3,0,],8:[27,26,16,15,10,5,0,],9:[8,7,0,],10:[16,15,0,],11:[24,18,17,8,3,0,],12:[27,16,0,],13:[27,0,],14:[27,22,0,],15:[22,8,0,],0.0046598, -7.74552
Multi time: 633
0:[11,],1:[26,19,16,8,0,],2:[27,16,3,2,0,],3:[24,22,8,0,],4:[26,24,23,10,5,3,2,],5:[11,10,0,],6:[27,19,18,16,15,8,7,],7:[18,17,16,3,0,],8:[27,26,16,15,10,5,0,],9:[8,7,0,],10:[16,15,0,],11:[24,18,17,8,3,0,],12:[27,16,0,],13:[27,0,],14:[27,22,0,],15:[22,8,0,],-->0:[31,19,18,0,],1:[26,19,16,8,0,],2:[27,16,3,2,0,],3:[24,22,16,8,],4:[26,24,23,10,5,3,2,],5:[24,21,],6:[27,19,18,16,15,8,7,],7:[18,17,16,3,0,],8:[27,26,16,15,10,5,0,],9:[8,7,0,],10:[21,16,10,],11:[24,18,17,8,3,0,],12:[27,16,0,],13:[27,0,],14:[27,22,0,],15:[17,16,3,],-0.00181154, -9.10857
Multi time: 2467.5
Total: -39.08


10:[0,],-->1:[8,],2:[16,15,],3:[24,23,3,],4:[27,16,15,0,],7:[8,],9:[0,],10:[0,],11:[0,],14:[27,22,],15:[27,0,],-0.0475955, -4.39303
Multi time: 140.5
1:[8,],2:[16,15,],3:[24,23,3,],4:[27,16,15,0,],7:[8,],9:[0,],10:[0,],11:[0,],14:[27,22,],15:[27,0,],-->0:[11,0,],1:[8,],2:[16,15,],3:[24,23,3,],4:[26,24,10,5,3,2,],7:[8,],8:[27,26,16,15,10,5,0,],9:[0,],10:[0,],11:[0,],12:[27,16,0,],14:[27,22,],15:[27,0,],-0.0277653, -5.17058
Multi time: 273.5
0:[11,0,],1:[8,],2:[16,15,],3:[24,23,3,],4:[26,24,10,5,3,2,],7:[8,],8:[27,26,16,15,10,5,0,],9:[0,],10:[0,],11:[0,],12:[27,16,0,],14:[27,22,],15:[27,0,],-->0:[11,],1:[19,16,8,],2:[16,15,],3:[24,23,3,],4:[26,24,10,5,3,2,],5:[11,10,0,],7:[8,],8:[27,26,16,15,10,5,0,],9:[8,7,0,],10:[0,],11:[0,],12:[27,16,0,],13:[27,0,],14:[27,22,],15:[27,0,],0.166894, -2.58299
Multi time: 40.5
0:[11,],1:[19,16,8,],2:[16,15,],3:[24,23,3,],4:[26,24,10,5,3,2,],5:[11,10,0,],7:[8,],8:[27,26,16,15,10,5,0,],9:[8,7,0,],10:[0,],11:[0,],12:[27,16,0,],13:[27,0,],14:[27,22,],15:[27,0,],-->0:[11,],1:[26,19,16,8,0,],2:[27,16,3,2,],3:[24,23,3,],4:[26,24,10,5,3,2,],5:[11,10,0,],6:[27,19,18,16,8,7,],7:[8,],8:[27,26,16,15,10,5,0,],9:[8,7,0,],10:[16,0,],11:[0,],12:[27,16,0,],13:[27,0,],14:[27,22,0,],15:[27,0,],-0.000947049, -10.0443
Multi time: 1192.25
0:[11,],1:[26,19,16,8,0,],2:[27,16,3,2,],3:[24,23,3,],4:[26,24,10,5,3,2,],5:[11,10,0,],6:[27,19,18,16,8,7,],7:[8,],8:[27,26,16,15,10,5,0,],9:[8,7,0,],10:[16,0,],11:[0,],12:[27,16,0,],13:[27,0,],14:[27,22,0,],15:[27,0,],-->0:[11,],1:[26,19,16,8,0,],2:[27,16,3,2,0,],3:[24,22,8,0,],4:[26,24,10,5,3,2,],5:[11,10,0,],6:[27,19,18,16,8,7,],7:[23,18,17,16,3,0,],8:[27,26,16,15,10,5,0,],9:[8,7,0,],10:[16,0,],11:[24,18,17,8,3,0,],12:[27,16,0,],13:[27,0,],14:[27,22,0,],15:[22,8,7,0,],0.00460527, -7.7625
Multi time: 636.25
0:[11,],1:[26,19,16,8,0,],2:[27,16,3,2,0,],3:[24,22,8,0,],4:[26,24,10,5,3,2,],5:[11,10,0,],6:[27,19,18,16,8,7,],7:[23,18,17,16,3,0,],8:[27,26,16,15,10,5,0,],9:[8,7,0,],10:[16,0,],11:[24,18,17,8,3,0,],12:[27,16,0,],13:[27,0,],14:[27,22,0,],15:[22,8,7,0,],-->0:[31,19,0,],1:[26,19,16,8,0,],2:[27,16,3,2,0,],3:[24,22,16,8,7,],4:[26,24,10,5,3,2,],5:[24,21,10,],6:[27,19,18,16,8,7,],7:[23,18,17,16,3,0,],8:[27,26,16,15,10,5,0,],9:[8,7,0,],10:[21,16,10,],11:[24,18,17,8,3,0,],12:[27,16,0,],13:[27,0,],14:[27,22,0,],15:[17,16,15,10,3,],0.00114107, -9.7754
Multi time: 2520.5
Total: -39.72


10:[0,],-->1:[8,],2:[16,],3:[24,3,],4:[27,26,16,15,0,],7:[8,7,],9:[0,],10:[0,],11:[0,],14:[27,22,],15:[27,0,],-0.0356939, -4.80818
Multi time: 153.5
1:[8,],2:[16,],3:[24,3,],4:[27,26,16,15,0,],7:[8,7,],9:[0,],10:[0,],11:[0,],14:[27,22,],15:[27,0,],-->0:[11,0,],1:[8,],2:[16,],3:[24,3,],4:[26,24,23,10,5,3,2,],7:[8,7,],8:[27,26,16,15,10,5,0,],9:[0,],10:[0,],11:[0,],12:[27,26,16,0,],14:[27,22,],15:[27,0,],-0.0277568, -5.17102
Multi time: 292
0:[11,0,],1:[8,],2:[16,],3:[24,3,],4:[26,24,23,10,5,3,2,],7:[8,7,],8:[27,26,16,15,10,5,0,],9:[0,],10:[0,],11:[0,],12:[27,26,16,0,],14:[27,22,],15:[27,0,],-->0:[11,],1:[19,16,8,],2:[16,],3:[24,3,],4:[26,24,23,10,5,3,2,],5:[11,10,0,],7:[8,7,],8:[27,26,16,15,10,5,0,],9:[8,0,],10:[0,],11:[0,],12:[27,26,16,0,],13:[27,0,],14:[27,22,],15:[27,0,],-0.166552, -2.58595
Multi time: 34.25
0:[11,],1:[19,16,8,],2:[16,],3:[24,3,],4:[26,24,23,10,5,3,2,],5:[11,10,0,],7:[8,7,],8:[27,26,16,15,10,5,0,],9:[8,0,],10:[0,],11:[0,],12:[27,26,16,0,],13:[27,0,],14:[27,22,],15:[27,0,],-->0:[11,],1:[26,19,16,8,0,],2:[27,16,3,],3:[24,3,],4:[26,24,23,10,5,3,2,],5:[11,10,0,],6:[27,26,19,18,16,15,8,7,],7:[8,7,],8:[27,26,16,15,10,5,0,],9:[8,0,],10:[16,15,0,],11:[0,],12:[27,26,16,0,],13:[27,0,],14:[27,22,0,],15:[27,0,],0.000934903, -10.0629
Multi time: 1244.5
0:[11,],1:[26,19,16,8,0,],2:[27,16,3,],3:[24,3,],4:[26,24,23,10,5,3,2,],5:[11,10,0,],6:[27,26,19,18,16,15,8,7,],7:[8,7,],8:[27,26,16,15,10,5,0,],9:[8,0,],10:[16,15,0,],11:[0,],12:[27,26,16,0,],13:[27,0,],14:[27,22,0,],15:[27,0,],-->0:[11,],1:[26,19,16,8,0,],2:[27,16,3,0,],3:[24,22,8,0,],4:[26,24,23,10,5,3,2,],5:[11,10,0,],6:[27,26,19,18,16,15,8,7,],7:[18,16,3,2,0,],8:[27,26,16,15,10,5,0,],9:[8,0,],10:[16,15,0,],11:[24,23,18,8,3,2,0,],12:[27,26,16,0,],13:[27,0,],14:[27,22,0,],15:[22,8,7,0,],0.00461069, -7.7608
Multi time: 619.75
0:[11,],1:[26,19,16,8,0,],2:[27,16,3,0,],3:[24,22,8,0,],4:[26,24,23,10,5,3,2,],5:[11,10,0,],6:[27,26,19,18,16,15,8,7,],7:[18,16,3,2,0,],8:[27,26,16,15,10,5,0,],9:[8,0,],10:[16,15,0,],11:[24,23,18,8,3,2,0,],12:[27,26,16,0,],13:[27,0,],14:[27,22,0,],15:[22,8,7,0,],-->0:[31,19,18,0,],1:[26,19,16,8,0,],2:[27,16,3,0,],3:[24,22,16,8,7,],4:[26,24,23,10,5,3,2,],5:[24,21,],6:[27,26,19,18,16,15,8,7,],7:[18,16,3,2,0,],8:[27,26,16,15,10,5,0,],9:[8,0,],10:[21,16,10,],11:[24,23,18,8,3,2,0,],12:[27,26,16,0,],13:[27,0,],14:[27,22,0,],15:[17,16,3,],0.00177607, -9.1371
Multi time: 2532.75
Total: -39.51
