1:[8,],3:[0,],10:[0,],11:[0,],14:[27,0,],15:[27,0,],-->1:[8,],2:[16,],3:[0,],7:[8,7,],10:[0,],11:[0,],14:[27,0,],15:[27,0,],0.500374, -0.99892
Multi time: 0.75
1:[8,],2:[16,],3:[0,],7:[8,7,],10:[0,],11:[0,],14:[27,0,],15:[27,0,],-->1:[8,],3:[3,],4:[27,0,],7:[8,7,],9:[0,],10:[0,],11:[0,],14:[27,22,21,],15:[27,0,],0.000119403, -13.0319
Multi time: 25996.8
1:[8,],3:[3,],4:[27,0,],7:[8,7,],9:[0,],10:[0,],11:[0,],14:[27,22,21,],15:[27,0,],-->0:[11,],1:[8,],3:[3,],4:[10,5,4,3,2,],7:[8,7,],8:[27,10,5,4,0,],9:[0,],10:[0,],11:[0,],12:[27,26,0,],14:[27,22,21,],15:[27,0,],-0.166498, -2.58643
Multi time: 24.75
0:[11,],1:[8,],3:[3,],4:[10,5,4,3,2,],7:[8,7,],8:[27,10,5,4,0,],9:[0,],10:[0,],11:[0,],12:[27,26,0,],14:[27,22,21,],15:[27,0,],-->0:[11,0,],1:[19,18,],3:[3,],4:[10,5,4,3,2,],5:[11,10,],7:[8,7,],8:[27,10,5,4,0,],9:[8,0,],10:[0,],11:[0,],12:[27,26,0,],13:[27,0,],14:[27,22,21,],15:[27,0,],0.0417226, -4.58303
Multi time: 116.5
0:[11,0,],1:[19,18,],3:[3,],4:[10,5,4,3,2,],5:[11,10,],7:[8,7,],8:[27,10,5,4,0,],9:[8,0,],10:[0,],11:[0,],12:[27,26,0,],13:[27,0,],14:[27,22,21,],15:[27,0,],-->0:[11,0,],1:[19,18,0,],2:[27,26,3,2,],3:[3,],4:[10,5,4,3,2,],5:[11,10,],6:[27,26,19,18,],7:[8,7,],8:[27,10,5,4,0,],9:[8,0,],10:[0,],11:[0,],12:[27,26,0,],13:[27,0,],14:[27,22,17,16,0,],15:[27,0,],0.00190058, -9.03935
Multi time: 1941.5
0:[11,0,],1:[19,18,0,],2:[27,26,3,2,],3:[3,],4:[10,5,4,3,2,],5:[11,10,],6:[27,26,19,18,],7:[8,7,],8:[27,10,5,4,0,],9:[8,0,],10:[0,],11:[0,],12:[27,26,0,],13:[27,0,],14:[27,22,17,16,0,],15:[27,0,],-->0:[11,0,],1:[19,18,0,],2:[27,3,2,0,],3:[8,],4:[10,5,4,3,2,],5:[11,10,],6:[27,26,19,18,],7:[18,3,0,],8:[27,10,5,4,0,],9:[8,0,],10:[0,],11:[18,8,7,3,0,],12:[27,26,0,],13:[27,0,],14:[27,22,17,16,0,],15:[22,21,8,0,],-0.0555969, -4.16885
Multi time: 121
0:[11,0,],1:[19,18,0,],2:[27,3,2,0,],3:[8,],4:[10,5,4,3,2,],5:[11,10,],6:[27,26,19,18,],7:[18,3,0,],8:[27,10,5,4,0,],9:[8,0,],10:[0,],11:[18,8,7,3,0,],12:[27,26,0,],13:[27,0,],14:[27,22,17,16,0,],15:[22,21,8,0,],-->0:[30,19,],1:[19,18,0,],2:[27,3,2,0,],3:[21,8,0,],4:[10,5,4,3,2,],5:[22,21,20,0,],6:[27,26,19,18,],7:[18,3,0,],8:[27,10,5,4,0,],9:[8,0,],10:[21,20,10,],11:[18,8,7,3,0,],12:[27,26,0,],13:[27,0,],14:[27,22,17,16,0,],15:[17,11,3,0,],-0.00468193, -7.73868
Multi time: 518.75
0:[30,19,],1:[19,18,0,],2:[27,3,2,0,],3:[21,8,0,],4:[10,5,4,3,2,],5:[22,21,20,0,],6:[27,26,19,18,],7:[18,3,0,],8:[27,10,5,4,0,],9:[8,0,],10:[21,20,10,],11:[18,8,7,3,0,],12:[27,26,0,],13:[27,0,],14:[27,22,17,16,0,],15:[17,11,3,0,],-->0:[30,19,18,17,8,7,3,2,0,],1:[6,3,2,],2:[27,3,2,0,],3:[21,8,0,],4:[10,5,4,3,2,],5:[22,21,20,0,],6:[30,27,19,5,4,0,],7:[18,3,0,],8:[27,10,5,4,0,],9:[8,0,],10:[21,20,10,],11:[29,27,8,5,4,3,2,],12:[30,27,22,21,19,13,8,2,0,],13:[27,0,],14:[27,22,17,16,0,],15:[17,11,3,0,],-4.3099e-05, -14.502
Multi time: 131711
