1:[8,],3:[0,],10:[0,],11:[0,],14:[27,0,],15:[27,0,],-->1:[8,],2:[16,],3:[0,],7:[8,7,],10:[0,],11:[0,],14:[27,0,],15:[27,0,],0.500762, -0.997803
Multi time: 1.15625
1:[8,],2:[16,],3:[0,],7:[8,7,],10:[0,],11:[0,],14:[27,0,],15:[27,0,],-->1:[8,],3:[3,],4:[27,0,],7:[8,7,],9:[0,],10:[0,],11:[0,],14:[27,22,21,],15:[27,0,],0.000122053, -13.0002
Multi time: 27125.3
1:[8,],3:[3,],4:[27,0,],7:[8,7,],9:[0,],10:[0,],11:[0,],14:[27,22,21,],15:[27,0,],-->0:[11,],1:[8,],3:[3,],4:[10,5,4,3,2,],7:[8,7,],8:[27,10,5,4,0,],9:[0,],10:[0,],11:[0,],12:[27,26,0,],14:[27,22,21,],15:[27,0,],-0.166621, -2.58535
Multi time: 24.1563
0:[11,],1:[8,],3:[3,],4:[10,5,4,3,2,],7:[8,7,],8:[27,10,5,4,0,],9:[0,],10:[0,],11:[0,],12:[27,26,0,],14:[27,22,21,],15:[27,0,],-->0:[11,0,],1:[19,18,],3:[3,],4:[10,5,4,3,2,],5:[11,10,],7:[8,7,],8:[27,10,5,4,0,],9:[8,0,],10:[0,],11:[0,],12:[27,26,0,],13:[27,0,],14:[27,22,21,],15:[27,0,],0.0416905, -4.58414
Multi time: 108.625
0:[11,0,],1:[19,18,],3:[3,],4:[10,5,4,3,2,],5:[11,10,],7:[8,7,],8:[27,10,5,4,0,],9:[8,0,],10:[0,],11:[0,],12:[27,26,0,],13:[27,0,],14:[27,22,21,],15:[27,0,],-->0:[11,0,],1:[19,18,0,],2:[27,26,3,2,],3:[3,],4:[10,5,4,3,2,],5:[11,10,],6:[27,26,19,18,],7:[8,7,],8:[27,10,5,4,0,],9:[8,0,],10:[0,],11:[0,],12:[27,26,0,],13:[27,0,],14:[27,22,17,16,0,],15:[27,0,],0.00186235, -9.06866
Multi time: 1976.91
0:[11,0,],1:[19,18,0,],2:[27,26,3,2,],3:[3,],4:[10,5,4,3,2,],5:[11,10,],6:[27,26,19,18,],7:[8,7,],8:[27,10,5,4,0,],9:[8,0,],10:[0,],11:[0,],12:[27,26,0,],13:[27,0,],14:[27,22,17,16,0,],15:[27,0,],-->0:[11,0,],1:[19,18,0,],2:[27,3,2,0,],3:[8,],4:[10,5,4,3,2,],5:[11,10,],6:[27,26,19,18,],7:[18,3,0,],8:[27,10,5,4,0,],9:[8,0,],10:[0,],11:[18,8,7,3,0,],12:[27,26,0,],13:[27,0,],14:[27,22,17,16,0,],15:[22,21,8,0,],-0.0556247, -4.16813
Multi time: 126.656
0:[11,0,],1:[19,18,0,],2:[27,3,2,0,],3:[8,],4:[10,5,4,3,2,],5:[11,10,],6:[27,26,19,18,],7:[18,3,0,],8:[27,10,5,4,0,],9:[8,0,],10:[0,],11:[18,8,7,3,0,],12:[27,26,0,],13:[27,0,],14:[27,22,17,16,0,],15:[22,21,8,0,],-->0:[30,19,],1:[19,18,0,],2:[27,3,2,0,],3:[21,8,0,],4:[10,5,4,3,2,],5:[22,21,20,0,],6:[27,26,19,18,],7:[18,3,0,],8:[27,10,5,4,0,],9:[8,0,],10:[21,20,10,],11:[18,8,7,3,0,],12:[27,26,0,],13:[27,0,],14:[27,22,17,16,0,],15:[17,11,10,3,0,],0.00587739, -7.41061
Multi time: 507.75
0:[30,19,],1:[19,18,0,],2:[27,3,2,0,],3:[21,8,0,],4:[10,5,4,3,2,],5:[22,21,20,0,],6:[27,26,19,18,],7:[18,3,0,],8:[27,10,5,4,0,],9:[8,0,],10:[21,20,10,],11:[18,8,7,3,0,],12:[27,26,0,],13:[27,0,],14:[27,22,17,16,0,],15:[17,11,10,3,0,],-->0:[30,19,18,17,8,7,3,2,0,],1:[6,3,2,],2:[27,3,2,0,],3:[21,8,0,],4:[10,5,4,3,2,],5:[22,21,20,0,],6:[30,27,19,5,4,0,],7:[18,3,0,],8:[27,10,5,4,0,],9:[8,0,],10:[21,20,10,],11:[29,27,8,5,4,3,2,],12:[30,27,22,21,19,13,8,2,0,],13:[27,0,],14:[27,22,17,16,0,],15:[17,11,10,3,0,],-4.30801e-05, -14.5026
Multi time: 131404
