1:[8,],3:[0,],10:[0,],11:[0,],14:[27,0,],15:[27,0,],-->1:[8,],2:[16,],3:[0,],7:[8,7,],10:[0,],11:[0,],14:[27,0,],15:[27,0,],0.500887, -0.997443
Multi time: 1.625
1:[8,],2:[16,],3:[0,],7:[8,7,],10:[0,],11:[0,],14:[27,0,],15:[27,0,],-->1:[8,],3:[3,2,],4:[27,26,0,],7:[8,7,],9:[0,],10:[0,],11:[0,],14:[27,22,21,],15:[27,0,],0.000125472, -12.9603
Multi time: 27455.5
1:[8,],3:[3,2,],4:[27,26,0,],7:[8,7,],9:[0,],10:[0,],11:[0,],14:[27,22,21,],15:[27,0,],-->0:[11,10,],1:[8,],3:[3,2,],4:[10,5,3,2,],7:[8,7,],8:[27,10,5,0,],9:[0,],10:[0,],11:[0,],12:[27,26,0,],14:[27,22,21,],15:[27,0,],0.1667, -2.58468
Multi time: 28.25
0:[11,10,],1:[8,],3:[3,2,],4:[10,5,3,2,],7:[8,7,],8:[27,10,5,0,],9:[0,],10:[0,],11:[0,],12:[27,26,0,],14:[27,22,21,],15:[27,0,],-->0:[11,10,0,],1:[19,18,],3:[3,2,],4:[10,5,3,2,],5:[11,],7:[8,7,],8:[27,10,5,0,],9:[8,0,],10:[0,],11:[0,],12:[27,26,0,],13:[27,0,],14:[27,22,21,],15:[27,0,],0.0416575, -4.58528
Multi time: 120.5
0:[11,10,0,],1:[19,18,],3:[3,2,],4:[10,5,3,2,],5:[11,],7:[8,7,],8:[27,10,5,0,],9:[8,0,],10:[0,],11:[0,],12:[27,26,0,],13:[27,0,],14:[27,22,21,],15:[27,0,],-->0:[11,10,0,],1:[19,18,0,],2:[27,26,3,],3:[3,2,],4:[10,5,3,2,],5:[11,],6:[27,19,18,],7:[8,7,],8:[27,10,5,0,],9:[8,0,],10:[0,],11:[0,],12:[27,26,0,],13:[27,0,],14:[27,22,17,16,0,],15:[27,0,],0.00187937, -9.05553
Multi time: 2006.5
0:[11,10,0,],1:[19,18,0,],2:[27,26,3,],3:[3,2,],4:[10,5,3,2,],5:[11,],6:[27,19,18,],7:[8,7,],8:[27,10,5,0,],9:[8,0,],10:[0,],11:[0,],12:[27,26,0,],13:[27,0,],14:[27,22,17,16,0,],15:[27,0,],-->0:[11,10,0,],1:[19,18,0,],2:[27,3,0,],3:[8,],4:[10,5,3,2,],5:[11,],6:[27,19,18,],7:[18,3,0,],8:[27,10,5,0,],9:[8,0,],10:[0,],11:[18,8,7,3,0,],12:[27,26,0,],13:[27,0,],14:[27,22,17,16,0,],15:[22,21,8,0,],0.0555409, -4.1703
Multi time: 133.219
0:[11,10,0,],1:[19,18,0,],2:[27,3,0,],3:[8,],4:[10,5,3,2,],5:[11,],6:[27,19,18,],7:[18,3,0,],8:[27,10,5,0,],9:[8,0,],10:[0,],11:[18,8,7,3,0,],12:[27,26,0,],13:[27,0,],14:[27,22,17,16,0,],15:[22,21,8,0,],-->0:[30,19,],1:[19,18,0,],2:[27,3,0,],3:[21,8,0,],4:[10,5,3,2,],5:[22,21,20,10,0,],6:[27,19,18,],7:[18,3,0,],8:[27,10,5,0,],9:[8,0,],10:[21,20,],11:[18,8,7,3,0,],12:[27,26,0,],13:[27,0,],14:[27,22,17,16,0,],15:[17,11,10,3,0,],0.00578791, -7.43274
Multi time: 527.875
0:[30,19,],1:[19,18,0,],2:[27,3,0,],3:[21,8,0,],4:[10,5,3,2,],5:[22,21,20,10,0,],6:[27,19,18,],7:[18,3,0,],8:[27,10,5,0,],9:[8,0,],10:[21,20,],11:[18,8,7,3,0,],12:[27,26,0,],13:[27,0,],14:[27,22,17,16,0,],15:[17,11,10,3,0,],-->0:[30,19,18,17,8,7,3,2,0,],1:[6,3,2,],2:[27,3,0,],3:[21,8,0,],4:[10,5,3,2,],5:[22,21,20,10,0,],6:[30,27,19,5,4,0,],7:[18,3,0,],8:[27,10,5,0,],9:[8,0,],10:[21,20,],11:[29,27,26,8,5,4,3,2,],12:[30,27,22,21,19,13,8,2,0,],13:[27,0,],14:[27,22,17,16,0,],15:[17,11,10,3,0,],-4.02666e-05, -14.6001
Multi time: 132334
