10:[0,],-->1:[8,],2:[16,],3:[24,3,],4:[27,16,15,0,],7:[8,7,],9:[0,],10:[0,],11:[0,],14:[27,22,],15:[27,0,],0.0474908, -4.39621
1:[8,],2:[16,],3:[24,3,],4:[27,16,15,0,],7:[8,7,],9:[0,],10:[0,],11:[0,],14:[27,22,],15:[27,0,],-->0:[11,0,],1:[8,],2:[16,],3:[24,3,],4:[26,24,23,10,5,3,2,],7:[8,7,],8:[27,26,16,15,10,5,0,],9:[0,],10:[0,],11:[0,],12:[27,16,0,],14:[27,22,],15:[27,0,],-0.0278843, -5.1644
0:[11,0,],1:[8,],2:[16,],3:[24,3,],4:[26,24,23,10,5,3,2,],7:[8,7,],8:[27,26,16,15,10,5,0,],9:[0,],10:[0,],11:[0,],12:[27,16,0,],14:[27,22,],15:[27,0,],-->0:[11,],1:[19,16,8,],2:[16,],3:[24,3,],4:[26,24,23,10,5,3,2,],5:[11,10,0,],7:[8,7,],8:[27,26,16,15,10,5,0,],9:[8,7,0,],10:[0,],11:[0,],12:[27,16,0,],13:[27,0,],14:[27,22,],15:[27,0,],0.16651, -2.58632
0:[11,],1:[19,16,8,],2:[16,],3:[24,3,],4:[26,24,23,10,5,3,2,],5:[11,10,0,],7:[8,7,],8:[27,26,16,15,10,5,0,],9:[8,7,0,],10:[0,],11:[0,],12:[27,16,0,],13:[27,0,],14:[27,22,],15:[27,0,],-->0:[11,],1:[26,19,16,8,0,],2:[27,16,3,2,],3:[24,3,],4:[26,24,23,10,5,3,2,],5:[11,10,0,],6:[27,19,18,16,15,8,7,],7:[8,7,],8:[27,26,16,15,10,5,0,],9:[8,7,0,],10:[16,15,0,],11:[0,],12:[27,16,0,],13:[27,0,],14:[27,22,0,],15:[27,0,],-0.00101089, -9.95016
0:[11,],1:[26,19,16,8,0,],2:[27,16,3,2,],3:[24,3,],4:[26,24,23,10,5,3,2,],5:[11,10,0,],6:[27,19,18,16,15,8,7,],7:[8,7,],8:[27,26,16,15,10,5,0,],9:[8,7,0,],10:[16,15,0,],11:[0,],12:[27,16,0,],13:[27,0,],14:[27,22,0,],15:[27,0,],-->0:[11,],1:[26,19,16,8,0,],2:[27,16,3,2,0,],3:[24,22,8,0,],4:[26,24,23,10,5,3,2,],5:[11,10,0,],6:[27,19,18,16,15,8,7,],7:[18,17,16,3,0,],8:[27,26,16,15,10,5,0,],9:[8,7,0,],10:[16,15,0,],11:[24,18,17,8,3,0,],12:[27,16,0,],13:[27,0,],14:[27,22,0,],15:[22,8,0,],0.00466996, -7.74237
0:[11,],1:[26,19,16,8,0,],2:[27,16,3,2,0,],3:[24,22,8,0,],4:[26,24,23,10,5,3,2,],5:[11,10,0,],6:[27,19,18,16,15,8,7,],7:[18,17,16,3,0,],8:[27,26,16,15,10,5,0,],9:[8,7,0,],10:[16,15,0,],11:[24,18,17,8,3,0,],12:[27,16,0,],13:[27,0,],14:[27,22,0,],15:[22,8,0,],-->0:[31,19,18,0,],1:[26,19,16,8,0,],2:[27,16,3,2,0,],3:[24,22,16,8,7,],4:[26,24,23,10,5,3,2,],5:[24,21,],6:[27,19,18,16,15,8,7,],7:[18,17,16,3,0,],8:[27,26,16,15,10,5,0,],9:[8,7,0,],10:[21,16,10,],11:[24,18,17,8,3,0,],12:[27,16,0,],13:[27,0,],14:[27,22,0,],15:[17,16,3,2,],-0.00178206, -9.13224
Total: -38.9717

10:[0,],-->1:[8,],2:[16,15,],3:[24,23,3,],4:[27,16,15,0,],7:[8,],9:[0,],10:[0,],11:[0,],14:[27,22,],15:[27,0,],-0.0475334, -4.39491
Multi time: 111.25
1:[8,],2:[16,15,],3:[24,23,3,],4:[27,16,15,0,],7:[8,],9:[0,],10:[0,],11:[0,],14:[27,22,],15:[27,0,],-->0:[11,0,],1:[8,],2:[16,15,],3:[24,23,3,],4:[26,24,10,5,3,2,],7:[8,],8:[27,26,16,15,10,5,0,],9:[0,],10:[0,],11:[0,],12:[27,16,0,],14:[27,22,],15:[27,0,],-0.0277343, -5.17218
Multi time: 220
0:[11,0,],1:[8,],2:[16,15,],3:[24,23,3,],4:[26,24,10,5,3,2,],7:[8,],8:[27,26,16,15,10,5,0,],9:[0,],10:[0,],11:[0,],12:[27,16,0,],14:[27,22,],15:[27,0,],-->0:[11,],1:[19,16,8,],2:[16,15,],3:[24,23,3,],4:[26,24,10,5,3,2,],5:[11,10,0,],7:[8,],8:[27,26,16,15,10,5,0,],9:[8,0,],10:[0,],11:[0,],12:[27,16,0,],13:[27,0,],14:[27,22,],15:[27,0,],-0.166588, -2.58564
Multi time: 32.25
0:[11,],1:[19,16,8,],2:[16,15,],3:[24,23,3,],4:[26,24,10,5,3,2,],5:[11,10,0,],7:[8,],8:[27,26,16,15,10,5,0,],9:[8,0,],10:[0,],11:[0,],12:[27,16,0,],13:[27,0,],14:[27,22,],15:[27,0,],-->0:[11,],1:[26,19,16,8,0,],2:[27,16,3,2,],3:[24,23,3,],4:[26,24,10,5,3,2,],5:[11,10,0,],6:[27,19,18,16,8,7,],7:[8,],8:[27,26,16,15,10,5,0,],9:[8,0,],10:[16,0,],11:[0,],12:[27,16,0,],13:[27,0,],14:[27,22,0,],15:[27,0,],-0.000928101, -10.0734
Multi time: 1177
0:[11,],1:[26,19,16,8,0,],2:[27,16,3,2,],3:[24,23,3,],4:[26,24,10,5,3,2,],5:[11,10,0,],6:[27,19,18,16,8,7,],7:[8,],8:[27,26,16,15,10,5,0,],9:[8,0,],10:[16,0,],11:[0,],12:[27,16,0,],13:[27,0,],14:[27,22,0,],15:[27,0,],-->0:[11,],1:[26,19,16,8,0,],2:[27,16,3,2,0,],3:[24,22,8,0,],4:[26,24,10,5,3,2,],5:[11,10,0,],6:[27,19,18,16,8,7,],7:[23,18,17,16,3,0,],8:[27,26,16,15,10,5,0,],9:[8,0,],10:[16,0,],11:[24,18,17,8,3,0,],12:[27,16,0,],13:[27,0,],14:[27,22,0,],15:[22,8,7,0,],0.00463643, -7.75277
Multi time: 592.5
0:[11,],1:[26,19,16,8,0,],2:[27,16,3,2,0,],3:[24,22,8,0,],4:[26,24,10,5,3,2,],5:[11,10,0,],6:[27,19,18,16,8,7,],7:[23,18,17,16,3,0,],8:[27,26,16,15,10,5,0,],9:[8,0,],10:[16,0,],11:[24,18,17,8,3,0,],12:[27,16,0,],13:[27,0,],14:[27,22,0,],15:[22,8,7,0,],-->0:[31,19,18,0,],1:[26,19,16,8,0,],2:[27,16,3,2,0,],3:[24,22,16,8,7,],4:[26,24,10,5,3,2,],5:[24,21,],6:[27,19,18,16,8,7,],7:[23,18,17,16,3,0,],8:[27,26,16,15,10,5,0,],9:[8,0,],10:[21,16,10,],11:[24,18,17,8,3,0,],12:[27,16,0,],13:[27,0,],14:[27,22,0,],15:[17,16,15,10,3,],-0.000973525, -10.0045
Multi time: 2482.75
Total: -39.97


10:[0,],-->1:[8,],2:[16,],3:[24,3,],4:[27,26,16,15,0,],7:[8,7,],9:[0,],10:[0,],11:[0,],14:[27,22,],15:[27,0,],-0.035872, -4.801
Multi time: 145.25
1:[8,],2:[16,],3:[24,3,],4:[27,26,16,15,0,],7:[8,7,],9:[0,],10:[0,],11:[0,],14:[27,22,],15:[27,0,],-->0:[11,0,],1:[8,],2:[16,],3:[24,3,],4:[26,24,23,10,5,3,2,],7:[8,7,],8:[27,26,16,15,10,5,0,],9:[0,],10:[0,],11:[0,],12:[27,26,16,0,],14:[27,22,],15:[27,0,],-0.0277235, -5.17275
Multi time: 255.75
0:[11,0,],1:[8,],2:[16,],3:[24,3,],4:[26,24,23,10,5,3,2,],7:[8,7,],8:[27,26,16,15,10,5,0,],9:[0,],10:[0,],11:[0,],12:[27,26,16,0,],14:[27,22,],15:[27,0,],-->0:[11,],1:[19,16,8,],2:[16,],3:[24,3,],4:[26,24,23,10,5,3,2,],5:[11,10,0,],7:[8,7,],8:[27,26,16,15,10,5,0,],9:[8,0,],10:[0,],11:[0,],12:[27,26,16,0,],13:[27,0,],14:[27,22,],15:[27,0,],-0.166601, -2.58553
Multi time: 34.25
0:[11,],1:[19,16,8,],2:[16,],3:[24,3,],4:[26,24,23,10,5,3,2,],5:[11,10,0,],7:[8,7,],8:[27,26,16,15,10,5,0,],9:[8,0,],10:[0,],11:[0,],12:[27,26,16,0,],13:[27,0,],14:[27,22,],15:[27,0,],-->0:[11,],1:[26,19,16,8,0,],2:[27,16,3,2,],3:[24,3,],4:[26,24,23,10,5,3,2,],5:[11,10,0,],6:[27,19,18,16,15,8,7,],7:[8,7,],8:[27,26,16,15,10,5,0,],9:[8,0,],10:[16,15,0,],11:[0,],12:[27,26,16,0,],13:[27,0,],14:[27,22,0,],15:[27,0,],-0.000951015, -10.0382
Multi time: 1213.5
0:[11,],1:[26,19,16,8,0,],2:[27,16,3,2,],3:[24,3,],4:[26,24,23,10,5,3,2,],5:[11,10,0,],6:[27,19,18,16,15,8,7,],7:[8,7,],8:[27,26,16,15,10,5,0,],9:[8,0,],10:[16,15,0,],11:[0,],12:[27,26,16,0,],13:[27,0,],14:[27,22,0,],15:[27,0,],-->0:[11,],1:[26,19,16,8,0,],2:[27,16,3,2,0,],3:[24,22,8,0,],4:[26,24,23,10,5,3,2,],5:[11,10,0,],6:[27,19,18,16,15,8,7,],7:[18,16,3,0,],8:[27,26,16,15,10,5,0,],9:[8,0,],10:[16,15,0,],11:[24,23,18,8,3,0,],12:[27,26,16,0,],13:[27,0,],14:[27,22,0,],15:[22,8,7,0,],-0.00460983, -7.76107
Multi time: 607
0:[11,],1:[26,19,16,8,0,],2:[27,16,3,2,0,],3:[24,22,8,0,],4:[26,24,23,10,5,3,2,],5:[11,10,0,],6:[27,19,18,16,15,8,7,],7:[18,16,3,0,],8:[27,26,16,15,10,5,0,],9:[8,0,],10:[16,15,0,],11:[24,23,18,8,3,0,],12:[27,26,16,0,],13:[27,0,],14:[27,22,0,],15:[22,8,7,0,],-->0:[31,19,18,0,],1:[26,19,16,8,0,],2:[27,16,3,2,0,],3:[24,22,16,8,7,],4:[26,24,23,10,5,3,2,],5:[24,21,],6:[27,19,18,16,15,8,7,],7:[18,16,3,0,],8:[27,26,16,15,10,5,0,],9:[8,0,],10:[21,16,10,],11:[24,23,18,8,3,0,],12:[27,26,16,0,],13:[27,0,],14:[27,22,0,],15:[17,16,3,],0.00178051, -9.13349
Multi time: 2495
Total: -39.49

10:[0,],-->1:[8,],2:[16,],3:[24,3,],4:[27,26,16,15,0,],7:[8,7,],9:[0,],10:[0,],11:[0,],14:[27,22,],15:[27,0,],-0.0357744, -4.80493
Multi time: 142.5
1:[8,],2:[16,],3:[24,3,],4:[27,26,16,15,0,],7:[8,7,],9:[0,],10:[0,],11:[0,],14:[27,22,],15:[27,0,],-->0:[11,0,],1:[8,],2:[16,],3:[24,3,],4:[26,24,23,10,5,3,2,],7:[8,7,],8:[27,26,16,15,10,5,0,],9:[0,],10:[0,],11:[0,],12:[27,26,16,0,],14:[27,22,],15:[27,0,],-0.0277, -5.17397
Multi time: 247.5
0:[11,0,],1:[8,],2:[16,],3:[24,3,],4:[26,24,23,10,5,3,2,],7:[8,7,],8:[27,26,16,15,10,5,0,],9:[0,],10:[0,],11:[0,],12:[27,26,16,0,],14:[27,22,],15:[27,0,],-->0:[11,],1:[19,16,8,],2:[16,],3:[24,3,],4:[26,24,23,10,5,3,2,],5:[11,10,0,],7:[8,7,],8:[27,26,16,15,10,5,0,],9:[8,7,0,],10:[0,],11:[0,],12:[27,26,16,0,],13:[27,0,],14:[27,22,],15:[27,0,],0.166648, -2.58512
Multi time: 34.75
0:[11,],1:[19,16,8,],2:[16,],3:[24,3,],4:[26,24,23,10,5,3,2,],5:[11,10,0,],7:[8,7,],8:[27,26,16,15,10,5,0,],9:[8,7,0,],10:[0,],11:[0,],12:[27,26,16,0,],13:[27,0,],14:[27,22,],15:[27,0,],-->0:[11,],1:[26,19,16,8,0,],2:[27,16,3,2,],3:[24,3,],4:[26,24,23,10,5,3,2,],5:[11,10,0,],6:[27,19,18,16,15,8,7,],7:[8,7,],8:[27,26,16,15,10,5,0,],9:[8,7,0,],10:[16,15,0,],11:[0,],12:[27,26,16,0,],13:[27,0,],14:[27,22,0,],15:[27,0,],-0.00098098, -9.99349
Multi time: 1227.75
0:[11,],1:[26,19,16,8,0,],2:[27,16,3,2,],3:[24,3,],4:[26,24,23,10,5,3,2,],5:[11,10,0,],6:[27,19,18,16,15,8,7,],7:[8,7,],8:[27,26,16,15,10,5,0,],9:[8,7,0,],10:[16,15,0,],11:[0,],12:[27,26,16,0,],13:[27,0,],14:[27,22,0,],15:[27,0,],-->0:[11,],1:[26,19,16,8,0,],2:[27,16,3,2,0,],3:[24,8,0,],4:[26,24,23,10,5,3,2,],5:[11,10,0,],6:[27,19,18,16,15,8,7,],7:[18,16,15,3,0,],8:[27,26,16,15,10,5,0,],9:[8,7,0,],10:[16,15,0,],11:[24,23,18,8,3,0,],12:[27,26,16,0,],13:[27,0,],14:[27,22,0,],15:[22,8,7,0,],0.00920337, -6.76362
Multi time: 601
0:[11,],1:[26,19,16,8,0,],2:[27,16,3,2,0,],3:[24,8,0,],4:[26,24,23,10,5,3,2,],5:[11,10,0,],6:[27,19,18,16,15,8,7,],7:[18,16,15,3,0,],8:[27,26,16,15,10,5,0,],9:[8,7,0,],10:[16,15,0,],11:[24,23,18,8,3,0,],12:[27,26,16,0,],13:[27,0,],14:[27,22,0,],15:[22,8,7,0,],-->0:[19,18,0,],1:[26,19,16,8,0,],2:[27,16,3,2,0,],3:[24,16,8,7,],4:[26,24,23,10,5,3,2,],5:[24,21,],6:[27,19,18,16,15,8,7,],7:[18,16,15,3,0,],8:[27,26,16,15,10,5,0,],9:[8,7,0,],10:[21,16,10,],11:[24,23,18,8,3,0,],12:[27,26,16,0,],13:[27,0,],14:[27,22,0,],15:[17,16,3,],-0.000867561, -10.1707
Multi time: 2407
Total: -39.48


10:[0,],-->1:[8,],2:[16,],3:[24,3,],4:[27,16,15,0,],7:[8,7,],9:[0,],10:[0,],11:[0,],14:[27,22,],15:[27,0,],0.0475784, -4.39355
Multi time: 148.25
1:[8,],2:[16,],3:[24,3,],4:[27,16,15,0,],7:[8,7,],9:[0,],10:[0,],11:[0,],14:[27,22,],15:[27,0,],-->0:[11,0,],1:[8,],2:[16,],3:[24,3,],4:[26,24,23,10,5,3,2,],7:[8,7,],8:[27,26,16,15,10,5,0,],9:[0,],10:[0,],11:[0,],12:[27,16,0,],14:[27,22,],15:[27,0,],-0.0278082, -5.16835
Multi time: 274.25
0:[11,0,],1:[8,],2:[16,],3:[24,3,],4:[26,24,23,10,5,3,2,],7:[8,7,],8:[27,26,16,15,10,5,0,],9:[0,],10:[0,],11:[0,],12:[27,16,0,],14:[27,22,],15:[27,0,],-->0:[11,],1:[19,16,8,],2:[16,],3:[24,3,],4:[26,24,23,10,5,3,2,],5:[11,10,0,],7:[8,7,],8:[27,26,16,15,10,5,0,],9:[8,0,],10:[0,],11:[0,],12:[27,16,0,],13:[27,0,],14:[27,22,],15:[27,0,],-0.166691, -2.58476
Multi time: 30
0:[11,],1:[19,16,8,],2:[16,],3:[24,3,],4:[26,24,23,10,5,3,2,],5:[11,10,0,],7:[8,7,],8:[27,26,16,15,10,5,0,],9:[8,0,],10:[0,],11:[0,],12:[27,16,0,],13:[27,0,],14:[27,22,],15:[27,0,],-->0:[11,],1:[26,19,16,8,0,],2:[27,16,3,2,],3:[24,3,],4:[26,24,23,10,5,3,2,],5:[11,10,0,],6:[27,19,18,16,15,8,7,],7:[8,7,],8:[27,26,16,15,10,5,0,],9:[8,0,],10:[16,15,0,],11:[0,],12:[27,16,0,],13:[27,0,],14:[27,22,0,],15:[27,0,],-0.000944059, -10.0488
Multi time: 1205
0:[11,],1:[26,19,16,8,0,],2:[27,16,3,2,],3:[24,3,],4:[26,24,23,10,5,3,2,],5:[11,10,0,],6:[27,19,18,16,15,8,7,],7:[8,7,],8:[27,26,16,15,10,5,0,],9:[8,0,],10:[16,15,0,],11:[0,],12:[27,16,0,],13:[27,0,],14:[27,22,0,],15:[27,0,],-->0:[11,],1:[26,19,16,8,0,],2:[27,16,3,2,0,],3:[24,22,8,0,],4:[26,24,23,10,5,3,2,],5:[11,10,0,],6:[27,19,18,16,15,8,7,],7:[18,17,16,3,0,],8:[27,26,16,15,10,5,0,],9:[8,0,],10:[16,15,0,],11:[24,18,17,8,7,3,0,],12:[27,16,0,],13:[27,0,],14:[27,22,0,],15:[22,8,7,0,],0.00460242, -7.76339
Multi time: 607.75
0:[11,],1:[26,19,16,8,0,],2:[27,16,3,2,0,],3:[24,22,8,0,],4:[26,24,23,10,5,3,2,],5:[11,10,0,],6:[27,19,18,16,15,8,7,],7:[18,17,16,3,0,],8:[27,26,16,15,10,5,0,],9:[8,0,],10:[16,15,0,],11:[24,18,17,8,7,3,0,],12:[27,16,0,],13:[27,0,],14:[27,22,0,],15:[22,8,7,0,],-->0:[31,19,18,0,],1:[26,19,16,8,0,],2:[27,16,3,2,0,],3:[24,22,16,8,7,],4:[26,24,23,10,5,3,2,],5:[24,21,],6:[27,19,18,16,15,8,7,],7:[18,17,16,3,0,],8:[27,26,16,15,10,5,0,],9:[8,0,],10:[21,16,10,],11:[24,18,17,8,7,3,0,],12:[27,16,0,],13:[27,0,],14:[27,22,0,],15:[17,16,3,],0.00175057, -9.15796
Multi time: 2511
Total: -39.11

