([0,],[]): ->([19,16,15,],[19,])->([22,14,13,8,],[22,14,13,11,])->: ([9,6,3,1,0,],[14,9,3,1,]): Prob: 5
([1,],[]): ->([20,17,16,],[20,])->([23,15,14,9,],[23,15,14,12,])->: ([10,7,4,2,1,],[15,10,4,2,]): Prob: 6
([2,],[]): ->([21,18,17,],[21,])->([16,15,10,0,],[16,15,13,0,])->: ([11,8,5,3,2,1,],[16,11,5,3,]): Prob: 6
([3,],[]): ->([22,19,18,],[22,])->([17,16,11,1,],[17,16,14,1,])->: ([12,9,6,4,3,2,],[17,12,6,4,]): Prob: 6
([4,],[]): ->([23,20,19,],[23,])->([18,17,12,2,],[18,17,15,2,])->: ([13,10,7,5,4,3,],[18,13,7,5,]): Prob: 6
([5,],[]): ->([21,20,0,],[0,])->([19,18,13,3,],[19,18,16,3,])->: ([14,11,8,6,5,4,],[19,14,8,6,]): Prob: 6
([6,],[]): ->([22,21,1,],[1,])->([20,19,14,4,],[20,19,17,4,])->: ([15,12,9,7,6,5,],[20,15,9,7,]): Prob: 6
([7,],[]): ->([23,22,2,],[2,])->([21,15,14,5,],[21,18,17,5,])->: ([16,15,13,10,8,7,],[21,20,16,15,10,8,]): Prob: 6
([8,],[]): ->([3,0,],[3,])->([22,16,6,],[22,19,18,6,])->: ([17,16,14,11,10,9,8,],[22,21,17,16,11,10,9,]): Prob: 5
([9,],[]): ->([4,1,],[4,])->([23,22,17,16,7,],[23,22,20,7,])->: ([18,15,12,10,9,],[23,18,12,10,]): Prob: 6
([10,],[]): ->([5,2,1,],[5,])->([18,17,8,0,],[21,20,8,0,])->: ([23,19,16,15,13,11,10,],[23,19,13,11,0,]): Prob: 5
([11,],[]): ->([6,3,2,],[6,])->([19,9,1,0,],[22,9,1,0,])->: ([20,17,14,12,11,10,],[20,14,12,1,]): Prob: 6
([12,],[]): ->([7,4,3,],[7,])->([20,10,2,1,],[23,10,2,1,])->: ([21,18,15,13,12,11,],[21,15,13,2,]): Prob: 6
([13,],[]): ->([8,5,4,],[8,])->([21,11,3,],[11,3,0,])->: ([22,21,19,16,14,13,12,2,],[22,21,16,14,3,]): Prob: 5
([14,],[]): ->([9,8,6,],[9,8,])->([22,21,12,11,4,],[12,11,4,1,])->: ([23,20,19,17,15,],[23,17,15,14,4,]): Prob: 6
([15,],[]): ->([10,7,6,],[10,])->([23,13,5,4,],[13,5,4,2,])->: ([21,18,16,15,14,0,],[18,16,5,0,]): Prob: 6
([16,],[]): ->([11,10,8,],[11,10,])->([14,13,6,0,],[14,13,6,3,])->: ([22,19,17,15,1,0,],[19,17,16,6,1,0,]): Prob: 5
([17,],[]): ->([12,9,8,],[12,])->([15,7,6,1,0,],[15,7,6,4,])->: ([23,20,18,17,2,],[20,18,7,2,]): Prob: 6
([18,],[]): ->([13,10,9,],[13,])->([16,8,2,1,],[16,8,5,4,])->: ([21,19,18,3,0,],[21,19,8,7,3,]): Prob: 5
([19,],[]): ->([14,13,11,],[14,13,])->([17,16,9,3,2,],[17,16,9,6,])->: ([22,20,4,1,],[22,20,19,9,4,]): Prob: 6
([20,],[]): ->([15,12,11,],[15,])->([18,10,9,4,],[18,10,9,7,])->: ([23,21,20,19,5,2,],[23,21,10,5,]): Prob: 6
([21,],[]): ->([16,13,12,],[16,])->([19,11,5,4,],[19,11,8,7,])->: ([23,22,21,20,6,3,2,0,],[23,22,11,10,6,0,]): Prob: 6
([22,],[]): ->([17,14,13,],[17,])->([20,12,11,6,],[20,12,11,9,])->: ([23,22,21,7,4,1,],[23,12,7,1,]): Prob: 6
([23,],[]): ->([18,15,14,],[18,])->([21,13,12,7,],[21,13,12,10,])->: ([23,22,8,5,2,0,],[13,8,2,0,]): Prob: 6
([1,0,],[]): ->([20,17,],[20,])->([23,15,14,9,8,],[23,15,14,12,])->: ([10,7,4,2,1,],[15,10,4,2,]): Prob: 6
([2,1,],[]): ->([21,18,],[21,])->([16,15,10,9,0,],[16,15,13,0,])->: ([11,8,5,3,2,],[16,11,5,3,]): Prob: 6
([3,2,],[]): ->([22,19,],[22,])->([17,16,11,10,1,],[17,16,14,1,])->: ([12,9,6,4,3,],[17,12,6,4,]): Prob: 6
([4,3,],[]): ->([23,20,],[23,])->([18,17,12,11,2,],[18,17,15,2,])->: ([13,10,7,5,4,],[18,13,7,5,]): Prob: 6
([5,4,],[]): ->([21,0,],[0,])->([19,18,13,12,3,],[19,18,16,3,])->: ([14,11,8,6,5,],[19,14,8,6,]): Prob: 6
([6,5,],[]): ->([22,1,],[1,])->([20,19,14,13,4,],[20,19,17,4,])->: ([15,12,9,7,6,],[20,15,9,7,]): Prob: 6
([7,6,],[]): ->([23,2,],[2,])->([21,15,5,],[21,18,17,5,])->: ([16,13,12,10,9,8,7,],[21,20,16,10,9,8,]): Prob: 6
([8,7,],[]): ->([23,22,3,2,0,],[3,2,])->([22,16,15,6,5,],[22,19,6,5,])->: ([17,14,13,11,9,],[22,17,11,9,8,]): Prob: 7
([9,8,],[]): ->([4,1,],[4,])->([23,22,17,16,7,],[23,22,20,7,])->: ([18,15,12,10,9,],[23,18,12,10,]): Prob: 6
([10,9,],[]): ->([5,2,],[5,])->([18,8,0,],[21,20,8,0,])->: ([23,19,16,15,13,11,10,9,],[23,19,13,11,0,]): Prob: 5
([11,10,],[]): ->([6,3,],[6,])->([19,9,1,],[22,21,9,1,])->: ([20,17,16,14,12,11,10,],[20,14,12,1,0,]): Prob: 6
([12,11,],[]): ->([7,6,4,3,],[7,6,])->([20,10,9,2,],[23,10,9,2,])->: ([21,18,17,15,13,11,],[21,15,13,12,2,]): Prob: 6
([13,12,],[]): ->([8,5,],[8,])->([21,20,11,3,],[11,3,0,])->: ([22,21,19,16,14,13,2,],[22,21,16,14,3,]): Prob: 5
([14,13,],[]): ->([9,6,],[9,])->([22,21,12,4,],[12,4,1,])->: ([23,20,19,17,15,14,3,],[23,17,15,4,]): Prob: 6
([15,14,],[]): ->([10,7,],[10,])->([23,22,13,5,4,],[13,5,4,2,])->: ([21,18,16,15,0,],[18,16,5,0,]): Prob: 6
([16,15,],[]): ->([11,8,],[11,])->([14,6,5,0,],[14,6,5,3,])->: ([22,19,17,16,15,1,],[19,17,6,1,]): Prob: 5
([17,16,],[]): ->([12,9,],[12,])->([15,7,6,1,0,],[15,7,6,4,])->: ([23,20,18,17,2,],[20,18,7,2,]): Prob: 6
([18,17,],[]): ->([13,12,10,9,],[13,12,])->([16,15,8,2,],[16,15,8,5,])->: ([21,19,17,3,0,],[21,19,18,8,3,]): Prob: 5
([19,18,],[]): ->([14,11,],[14,])->([17,9,8,3,2,],[17,9,8,6,])->: ([22,20,19,4,1,],[22,20,9,4,]): Prob: 6
([20,19,],[]): ->([15,12,],[15,])->([18,10,9,4,3,],[18,10,9,7,])->: ([23,21,20,5,2,],[23,21,10,5,]): Prob: 6
([21,20,],[]): ->([16,13,],[16,])->([19,11,10,5,4,],[19,11,10,8,])->: ([22,21,13,10,6,3,0,],[22,13,11,6,0,]): Prob: 6
([22,21,],[]): ->([17,14,],[17,])->([20,12,11,6,5,],[20,12,11,9,])->: ([23,22,7,4,1,],[23,12,7,1,]): Prob: 6
([23,22,],[]): ->([18,15,],[18,])->([21,13,12,7,6,],[21,13,12,10,])->: ([23,8,5,2,0,],[13,8,2,0,]): Prob: 6
([],[0,]): ->([3,],[3,])->([22,19,18,6,],[22,6,])->: ([22,17,13,11,9,0,],[17,14,9,0,]): Prob: 4
([],[1,]): ->([4,],[4,])->([23,20,19,7,],[23,7,])->: ([23,22,18,14,12,10,],[18,15,10,]): Prob: 4
([],[2,]): ->([5,],[5,])->([21,20,8,0,],[8,0,])->: ([19,15,13,11,0,],[19,16,11,]): Prob: 3
([],[3,]): ->([6,],[6,])->([22,21,9,1,],[9,1,])->: ([20,16,14,12,1,],[20,17,12,]): Prob: 4
([],[4,]): ->([7,],[7,])->([23,22,10,2,],[10,2,])->: ([21,17,15,13,4,2,],[21,18,13,4,]): Prob: 4
([],[5,]): ->([8,],[8,])->([11,3,0,],[11,3,])->: ([22,16,14,3,2,],[22,19,18,14,]): Prob: 3
([],[6,]): ->([9,],[9,])->([12,4,3,1,],[12,4,3,])->: ([23,17,16,15,4,],[23,20,15,]): Prob: 4
([],[7,]): ->([10,],[10,])->([13,5,4,2,],[13,5,4,])->: ([18,17,16,5,0,],[21,16,0,]): Prob: 4
([],[8,]): ->([11,],[11,])->([14,6,5,3,],[14,6,5,])->: ([19,18,17,6,1,],[22,17,1,]): Prob: 4
([],[9,]): ->([12,],[12,])->([15,7,4,3,],[15,7,])->: ([20,18,7,6,2,1,],[23,18,2,1,]): Prob: 4
([],[10,]): ->([13,],[13,])->([16,8,5,4,],[16,8,])->: ([21,19,8,7,3,],[19,3,0,]): Prob: 3
([],[11,]): ->([14,],[14,])->([17,9,6,5,],[17,9,])->: ([22,20,9,8,4,],[20,4,1,]): Prob: 4
([],[12,]): ->([15,],[15,])->([18,10,9,7,],[18,10,9,])->: ([23,22,21,10,5,],[21,5,2,]): Prob: 4
([],[13,]): ->([16,],[16,])->([19,11,10,8,],[19,11,10,])->: ([22,11,6,0,],[22,6,3,]): Prob: 3
([],[14,]): ->([17,],[17,])->([20,12,11,9,],[20,12,11,])->: ([23,12,7,1,],[23,7,4,]): Prob: 4
([],[15,]): ->([18,],[18,])->([21,13,10,9,],[21,13,])->: ([15,13,8,4,2,0,],[15,8,5,0,]): Prob: 4
([],[16,]): ->([19,],[19,])->([22,14,11,10,],[22,14,])->: ([16,14,9,8,3,1,],[16,9,8,6,1,]): Prob: 4
([],[17,]): ->([20,],[20,])->([23,15,12,11,],[23,15,])->: ([17,15,10,6,4,2,],[17,10,7,2,]): Prob: 4
([],[18,]): ->([21,],[21,])->([16,13,12,0,],[16,0,])->: ([18,16,11,7,5,3,],[18,11,8,3,]): Prob: 4
([],[19,]): ->([22,],[22,])->([17,14,13,1,],[17,1,])->: ([17,16,12,8,6,4,],[12,9,4,]): Prob: 4
([],[20,]): ->([23,],[23,])->([18,15,14,2,],[18,2,])->: ([18,17,13,9,7,5,],[13,10,5,]): Prob: 4
([],[21,]): ->([0,],[0,])->([19,18,16,3,],[19,18,3,])->: ([21,19,18,14,13,10,8,7,6,],[21,14,13,11,6,]): Prob: 4
([],[22,]): ->([1,],[1,])->([20,17,16,4,],[20,4,])->: ([20,19,15,14,9,7,],[15,14,12,7,]): Prob: 4
([],[23,]): ->([2,],[2,])->([21,18,17,5,],[21,5,])->: ([21,20,16,15,10,8,],[16,15,13,8,]): Prob: 4
([],[1,0,]): ->([4,3,],[4,3,])->([23,20,7,6,],[23,7,6,])->: ([23,18,12,10,9,],[18,15,14,10,9,]): Prob: 4
([],[2,1,]): ->([5,4,],[5,4,])->([23,21,20,8,7,0,],[23,8,7,0,])->: ([23,22,19,13,11,10,0,],[19,16,11,10,]): Prob: 4
([],[3,2,]): ->([6,5,],[6,5,])->([22,9,8,1,],[9,8,1,])->: ([20,14,12,11,1,0,],[20,17,16,12,11,]): Prob: 4
([],[4,3,]): ->([7,6,],[7,6,])->([23,10,9,2,],[10,9,2,])->: ([21,15,13,12,2,],[21,18,17,13,12,]): Prob: 4
([],[5,4,]): ->([8,7,],[8,7,])->([23,22,11,10,3,2,0,],[11,10,3,2,])->: ([22,17,13,5,3,],[22,19,17,16,14,13,5,]): Prob: 5
([],[6,5,]): ->([9,8,],[9,8,])->([12,11,4,3,1,0,],[12,11,4,3,])->: ([23,17,15,14,6,4,],[23,20,15,14,6,]): Prob: 4
([],[7,6,]): ->([10,9,],[10,9,])->([13,12,5,2,],[13,12,5,])->: ([20,18,17,16,15,5,0,],[21,16,15,0,]): Prob: 4
([],[8,7,]): ->([11,10,],[11,10,])->([14,13,6,3,],[14,13,6,])->: ([21,19,18,17,16,6,1,],[22,17,16,1,]): Prob: 4
([],[9,8,]): ->([12,11,],[12,11,])->([15,14,7,4,],[15,14,7,])->: ([22,20,19,18,17,7,2,],[23,18,17,2,]): Prob: 4
([],[10,9,]): ->([13,12,],[13,12,])->([16,15,8,5,],[16,15,8,])->: ([21,20,19,18,8,3,],[19,18,3,0,]): Prob: 3
([],[11,10,]): ->([14,13,],[14,13,])->([17,16,9,6,],[17,16,9,])->: ([22,21,20,19,9,4,],[20,19,4,1,]): Prob: 4
([],[12,11,]): ->([15,14,],[15,14,])->([18,17,10,7,],[18,17,10,])->: ([23,21,20,10,5,],[21,20,5,2,1,]): Prob: 4
([],[13,12,]): ->([16,15,],[16,15,])->([19,18,11,8,],[19,18,11,])->: ([22,21,11,6,5,0,],[22,21,6,5,3,]): Prob: 3
([],[14,13,]): ->([17,16,],[17,16,])->([20,19,12,9,],[20,19,12,])->: ([23,22,12,7,3,1,],[23,22,7,4,]): Prob: 4
([],[15,14,]): ->([18,17,],[18,17,])->([21,20,13,10,],[21,20,13,])->: ([23,13,8,2,0,],[23,8,5,4,0,]): Prob: 4
([],[16,15,]): ->([19,18,],[19,18,])->([22,21,14,13,11,10,],[22,21,14,13,])->: ([14,13,9,3,1,0,],[9,6,1,0,]): Prob: 4
([],[17,16,]): ->([20,19,],[20,19,])->([23,22,15,14,12,11,],[23,22,15,14,])->: ([15,14,10,4,2,1,],[10,7,2,1,]): Prob: 4
([],[18,17,]): ->([21,20,],[21,20,])->([23,16,13,0,],[23,16,0,])->: ([16,11,5,3,2,],[11,8,7,3,2,]): Prob: 4
([],[19,18,]): ->([22,21,],[22,21,])->([17,14,1,0,],[17,1,0,])->: ([17,12,8,6,5,4,3,],[12,9,4,3,]): Prob: 4
([],[20,19,]): ->([23,22,],[23,22,])->([18,15,2,1,],[18,2,1,])->: ([18,13,7,5,4,],[13,10,9,5,4,]): Prob: 4
([],[21,20,]): ->([23,0,],[23,0,])->([19,16,3,2,],[19,3,2,])->: ([19,14,8,6,5,],[14,11,10,6,5,]): Prob: 4
([],[22,21,]): ->([1,0,],[1,0,])->([20,17,4,3,],[20,4,3,])->: ([20,15,9,7,6,],[15,12,11,7,6,]): Prob: 4
([],[23,22,]): ->([2,1,],[2,1,])->([21,18,5,4,],[21,5,4,])->: ([21,16,10,8,7,],[16,13,12,8,7,]): Prob: 4