Optimal Solution found!
([0,],[])=(1,0): ->([43,40,39,],[43,])=(98000000000,80000000000)->([46,38,37,32,],[46,38,37,35,])=(406100000000,406800000000)->([33,30,27,26,24,1,],[38,33,27,26,1,])=(24d000002,420c000002)->: ([44,43,36,30,29,28,24,21,18,16,4,],[44,43,41,36,30,29,28,25,22,19,18,4,])=(181071250010,1a10724c0010): Prob: 11
([1,],[])=(2,0): ->([44,41,40,],[44,])=(130000000000,100000000000)->([47,39,38,33,],[47,39,38,36,])=(80c200000000,80d000000000)->([34,31,28,25,24,2,],[39,34,28,2,])=(493000004,8410000004)->: ([45,44,37,31,29,28,25,22,17,5,],[45,44,42,37,31,29,28,26,25,23,22,20,5,])=(3020b2420020,3420b6d00020): Prob: 11
([2,],[])=(4,0): ->([45,44,42,],[45,44,])=(340000000000,300000000000)->([47,40,39,34,0,],[47,40,39,37,36,0,])=(818400000001,81b000000001)->([35,34,32,31,29,26,25,3,2,],[40,39,35,34,29,3,2,])=(da600000c,18c2000000c)->: ([46,45,38,37,32,30,20,18,6,5,],[46,45,43,42,38,37,32,30,27,24,21,6,5,])=(606140140060,6c6149200060): Prob: 11
([3,],[])=(8,0): ->([46,43,42,],[46,])=(4c0000000000,400000000000)->([41,40,35,1,],[41,40,38,1,])=(30800000002,34000000002)->([36,33,30,29,27,4,],[41,36,30,29,4,])=(1268000010,21060000010)->: ([47,46,39,33,32,31,19,18,7,],[47,46,44,39,33,32,31,28,27,25,22,7,])=(c083800c0080,d0839a400080): Prob: 11
([4,],[])=(10,0): ->([47,46,44,],[47,46,])=(d00000000000,c00000000000)->([42,41,36,2,1,],[42,41,39,38,2,1,])=(61000000006,6c000000006)->([37,34,31,28,27,5,4,],[42,41,37,31,5,4,])=(2498000030,62080000030)->: ([47,40,34,32,31,25,22,20,8,7,0,],[47,45,44,40,34,32,31,29,26,23,8,7,0,])=(810582500181,b105a4800181): Prob: 11
([5,],[])=(20,0): ->([47,45,0,],[47,0,])=(a00000000001,800000000001)->([43,3,2,],[43,40,39,3,2,])=(8000000000c,9800000000c)->([42,38,35,34,6,5,],[43,42,38,6,5,])=(44c00000060,c4000000060)->: ([45,41,37,36,34,33,32,27,9,8,1,],[46,45,41,37,36,33,32,30,9,8,1,])=(223708000302,623340000302): Prob: 11
([6,],[])=(40,0): ->([46,1,0,],[1,0,])=(400000000003,3)->([44,38,37,4,3,],[44,41,4,3,])=(106000000018,120000000018)->([39,36,35,33,30,7,6,],[44,39,33,7,6,])=(9a400000c0,1082000000c0)->: ([42,36,34,33,24,22,21,10,9,2,],[47,42,36,34,33,31,28,25,10,9,2,])=(41601600604,841692000604): Prob: 11
([7,],[])=(80,0): ->([47,46,2,],[2,])=(c00000000004,4)->([45,44,39,5,],[45,44,42,5,])=(308000000020,340000000020)->([40,37,34,33,31,8,],[45,40,34,33,8,])=(12680000100,210600000100)->: ([43,37,36,35,25,23,11,3,],[43,37,36,35,32,31,29,26,25,11,3,0,])=(83802800808,839a6000809): Prob: 10
([8,],[])=(100,0): ->([3,0,],[3,])=(9,8)->([46,40,6,],[46,43,42,6,])=(410000000040,4c0000000040)->([41,38,37,35,34,32,9,],[46,45,41,35,34,9,])=(26d00000200,620c00000200)->: ([44,38,37,36,35,26,24,12,4,],[44,38,37,36,35,33,30,27,26,12,4,1,0,])=(107805001010,107a4c001013): Prob: 10
([9,],[])=(200,0): ->([4,3,1,],[4,3,])=(1a,18)->([47,7,6,],[47,44,43,7,6,])=(8000000000c0,9800000000c0)->([46,42,41,39,10,9,],[47,46,42,41,10,9,])=(468000000600,c60000000600)->: ([45,44,41,38,31,30,13,12,5,1,],[45,44,41,37,34,13,12,5,2,1,])=(3240c0003022,322400003026): Prob: 11
([10,],[])=(400,0): ->([5,2,1,],[5,])=(26,20)->([8,0,],[45,8,0,])=(101,200000000101)->([43,42,40,11,],[43,42,11,0,])=(d0000000800,c0000000801)->: ([46,45,38,34,32,14,6,2,],[46,45,38,35,34,14,6,3,])=(604500004044,604c00004048): Prob: 9
([11,],[])=(800,0): ->([6,5,3,],[6,5,])=(68,60)->([9,8,1,],[46,45,9,8,1,])=(302,600000000302)->([44,41,40,12,11,],[44,12,11,1,0,])=(130000001800,100000001803)->: ([47,39,38,33,15,14,7,3,],[47,39,38,36,15,14,7,4,3,])=(80c20000c088,80d00000c098): Prob: 10
([12,],[])=(1000,0): ->([7,4,3,],[7,])=(98,80)->([10,2,],[47,10,2,])=(404,800000000404)->([45,44,42,13,],[45,44,13,2,])=(340000002000,300000002004)->: ([47,40,36,34,16,8,4,0,],[47,40,37,36,16,8,5,0,])=(811400010111,813000010121): Prob: 11
([13,],[])=(2000,0): ->([8,7,5,],[8,7,])=(1a0,180)->([11,10,3,2,],[47,11,10,3,2,0,])=(c0c,800000000c0d)->([46,43,14,13,],[46,14,13,3,2,])=(480000006000,40000000600c)->: ([41,37,35,34,17,16,9,5,1,],[41,38,17,16,9,6,5,1,])=(22c00030222,24000030262): Prob: 9
([14,],[])=(4000,0): ->([9,6,5,],[9,])=(260,200)->([46,12,4,3,0,],[12,4,3,1,])=(400000001019,101a)->([47,44,43,40,15,],[47,43,15,4,])=(990000008000,880000008010)->: ([46,42,38,36,35,32,31,18,10,6,2,],[46,42,39,35,18,10,7,2,])=(445980040444,448800040484): Prob: 11
([15,],[])=(8000,0): ->([10,9,7,],[10,9,])=(680,600)->([47,13,12,5,4,],[13,12,5,4,2,1,])=(800000003030,3036)->([45,42,41,39,16,15,0,],[42,41,16,15,5,4,0,])=(268000018001,60000018031)->: ([45,44,43,33,31,19,18,11,7,3,],[45,44,43,40,39,37,34,33,19,18,11,8,7,3,])=(3802800c0888,39a6000c0988): Prob: 11
([16,],[])=(10000,0): ->([11,10,8,],[11,10,])=(d00,c00)->([14,13,6,5,],[14,13,6,5,3,])=(6060,6068)->([46,45,17,16,8,1,0,],[17,16,8,6,1,0,])=(600000030103,30143)->: ([44,38,20,19,12,11,4,0,],[44,41,20,19,12,11,9,4,])=(104000181811,120000181a10): Prob: 9
([17,],[])=(20000,0): ->([12,9,8,],[12,])=(1300,1000)->([15,7,6,],[15,7,6,4,3,])=(80c0,80d8)->([47,18,6,2,],[18,7,6,2,])=(800000040044,400c4)->: ([46,41,39,38,21,13,5,1,],[45,42,21,13,10,9,5,1,])=(42c000202022,240000202622): Prob: 11
([18,],[])=(40000,0): ->([13,12,10,],[13,12,])=(3400,3000)->([16,15,8,5,4,],[16,15,8,])=(18130,18100)->([45,19,18,8,3,],[19,18,3,0,])=(2000000c0108,c0009)->: ([46,45,43,40,37,36,22,21,14,11,6,0,],[46,45,40,22,21,14,6,])=(693000604841,610000604040): Prob: 9
([19,],[])=(80000,0): ->([14,13,11,],[14,13,])=(6800,6000)->([17,16,9,],[17,16,9,6,5,])=(30200,30260)->([20,19,8,4,3,1,0,],[20,19,9,8,4,3,])=(18011b,180318)->: ([47,41,23,22,15,11,7,6,3,0,],[47,44,23,22,15,12,11,7,6,3,])=(820000c088c9,900000c098c8): Prob: 10
([20,],[])=(100000,0): ->([15,12,11,],[15,])=(9800,8000)->([18,10,],[18,10,7,])=(40400,40480)->([21,12,5,4,2,],[21,12,10,5,4,])=(201034,201430)->: ([44,42,24,16,8,4,3,0,],[45,44,24,16,13,8,0,])=(140001010119,300001012101): Prob: 11
([21,],[])=(200000,0): ->([16,15,13,],[16,15,])=(1a000,18000)->([19,18,11,],[19,18,11,8,5,])=(c0800,c0920)->([22,21,8,6,3,2,],[22,21,11,8,6,])=(60014c,600940)->: ([45,43,42,25,24,17,16,13,11,9,3,1,],[46,45,25,24,17,16,14,11,9,3,1,0,])=(2c0003032a0a,600003034a0b): Prob: 10
([22,],[])=(400000,0): ->([17,16,14,],[17,16,])=(34000,30000)->([20,19,12,],[20,19,12,9,8,])=(181000,181300)->([23,22,14,7,6,4,],[23,22,14,12,11,7,6,])=(c040d0,c058c0)->: ([46,44,26,25,18,17,14,10,8,6,2,],[47,46,26,25,18,17,15,14,10,8,2,])=(500006064544,c0000606c504): Prob: 11
([23,],[])=(800000,0): ->([18,15,14,],[18,])=(4c000,40000)->([21,13,7,6,],[21,13,10,9,])=(2020c0,202600)->([47,24,8,5,4,2,],[24,13,12,8,2,])=(800001000134,1003104)->: ([39,27,19,11,5,3,],[45,42,41,27,19,16,15,11,5,3,0,])=(8008080828,260008098829): Prob: 10
([24,],[])=(1000000,0): ->([19,16,15,],[19,])=(98000,80000)->([22,14,13,8,],[22,14,13,11,])=(406100,406800)->([25,9,6,3,0,],[25,14,9,3,])=(2000249,2004208)->: ([42,40,39,28,20,16,12,6,4,0,],[46,43,28,20,17,12,6,4,1,0,])=(58010111051,480010121053): Prob: 10
([25,],[])=(2000000,0): ->([20,19,17,],[20,19,])=(1a0000,180000)->([23,22,15,12,11,],[23,22,15,])=(c09800,c08000)->([26,25,15,10,9,4,],[26,25,10,9,7,])=(6008610,6000680)->: ([47,44,43,29,28,21,20,18,17,13,12,7,6,5,2,],[47,29,28,21,20,13,12,5,])=(9800303630e4,800030303020): Prob: 11
([26,],[])=(4000000,0): ->([21,20,18,],[21,20,])=(340000,300000)->([24,23,16,15,10,],[24,23,16,15,13,12,])=(1818400,181b000)->([27,26,11,8,5,2,1,],[27,26,16,15,11,5,])=(c000926,c018820)->: ([47,42,30,29,22,21,14,8,6,2,],[47,45,30,29,22,21,19,18,14,8,6,3,0,])=(840060604144,a000606c4149): Prob: 10
([27,],[])=(8000000,0): ->([22,19,18,],[22,])=(4c0000,400000)->([25,17,],[25,17,14,13,11,])=(2020000,2026800)->([28,14,12,9,8,],[28,17,16,14,12,])=(10005300,10035000)->: ([31,23,17,15,9,8,7,3,1,],[31,23,20,19,17,15,9,8,7,6,4,3,])=(8082838a,809a83d8): Prob: 11
([28,],[])=(10000000,0): ->([23,22,20,],[23,22,])=(d00000,c00000)->([26,25,18,],[26,25,18,15,14,])=(6040000,604c000)->([29,28,17,13,10,9,],[29,28,18,17,13,])=(30022600,30062000)->: ([32,31,24,20,16,12,9,7,2,],[32,31,24,21,20,16,12,8,7,5,])=(181111284,1813111a0): Prob: 11
([29,],[])=(20000000,0): ->([24,23,21,],[24,23,])=(1a00000,1800000)->([27,26,19,18,13,],[27,26,19,18,16,15,])=(c0c2000,c0d8000)->([30,29,14,11,8,5,4,],[30,29,19,18,14,8,])=(60004930,600c4100)->: ([45,33,32,25,21,17,11,9,],[33,32,25,22,21,17,11,9,6,5,3,0,])=(200302220a00,302620a69): Prob: 10
([30,],[])=(40000000,0): ->([25,24,22,],[25,24,])=(3400000,3000000)->([28,27,20,16,14,],[28,27,20,17,])=(18114000,18120000)->([31,30,15,12,8,],[31,30,20,15,11,])=(c0009100,c0108800)->: ([34,33,26,25,22,18,14,10,9,6,4,3,0,],[34,33,26,25,23,18,14,10,9,7,6,3,])=(606444659,6068446c8): Prob: 11
([31,],[])=(80000000,0): ->([26,25,23,],[26,25,])=(6800000,6000000)->([29,28,21,],[29,28,21,18,17,])=(30200000,30260000)->([32,31,23,16,13,12,],[32,31,23,21,20,16,])=(180813000,180b10000)->: ([35,34,27,19,18,15,14,11,7,5,],[35,34,27,24,23,19,18,11,8,])=(c080cc8a0,c098c0900): Prob: 11
([32,],[])=(100000000,0): ->([27,26,24,],[27,26,])=(d000000,c000000)->([30,29,22,16,15,],[30,29,22,19,])=(60418000,60480000)->([33,32,17,14,13,11,8,],[33,32,22,17,11,])=(300026900,300420800)->: ([36,35,28,20,14,12,11,2,0,],[36,35,28,25,20,14,12,11,9,6,3,])=(1810105805,1812105a48): Prob: 10
([33,],[])=(200000000,0): ->([28,25,24,],[28,])=(13000000,10000000)->([31,23,22,17,],[31,23,22,20,])=(80c20000,80d00000)->([34,18,15,12,11,9,],[34,23,18,12,11,])=(400049a00,400841800)->: ([37,29,25,21,15,14,13,9,6,1,],[37,29,26,21,15,14,13,10,7,4,])=(202220e242,202420e490): Prob: 11
([34,],[])=(400000000,0): ->([29,26,25,],[29,])=(26000000,20000000)->([32,24,],[32,24,21,])=(101000000,101200000)->([35,23,19,16,15,],[35,24,19,])=(800898000,801080000)->: ([38,30,26,22,18,15,10,8,],[38,30,27,22,18,14,11,])=(4044448500,4048444800): Prob: 11
([35,],[])=(800000000,0): ->([30,27,26,],[30,])=(4c000000,40000000)->([33,25,24,19,],[33,25,24,22,])=(203080000,203400000)->([36,20,17,14,11,10,],[36,25,20,14,])=(1000124c00,1002104000)->: ([39,31,30,23,17,15,5,3,],[39,31,30,28,23,17,15,12,11,9,6,])=(80c0828028,80d0829a40): Prob: 11
([36,],[])=(1000000000,0): ->([31,28,27,],[31,])=(98000000,80000000)->([34,26,],[34,26,23,])=(404000000,404800000)->([37,25,21,20,18,],[37,26,21,20,])=(2002340000,2004300000)->: ([40,32,31,24,23,20,17,10,9,],[40,32,31,29,24,23,20,16,13,])=(10181920600,101a1912000): Prob: 11
([37,],[])=(2000000000,0): ->([32,29,28,],[32,])=(130000000,100000000)->([35,27,26,21,],[35,27,26,24,])=(80c200000,80d000000)->([38,22,21,19,18,16,13,12,],[38,27,22,21,16,])=(40006d3000,4008610000)->: ([41,33,32,25,24,19,17,7,5,],[41,33,32,30,25,24,19,17,14,11,8,])=(203030a00a0,203430a4900): Prob: 11
([38,],[])=(4000000000,0): ->([33,30,29,],[33,])=(260000000,200000000)->([36,28,22,21,],[36,28,25,24,])=(1010600000,1013000000)->([39,23,22,20,17,16,14,13,],[39,28,27,23,22,17,16,])=(8000d36000,8018c30000)->: ([42,34,33,30,26,25,20,19,18,14,6,],[42,34,33,31,30,26,25,20,19,18,15,14,12,9,])=(406461c4040,406c61cd200): Prob: 11
([39,],[])=(8000000000,0): ->([34,33,31,],[34,33,])=(680000000,600000000)->([37,36,29,],[37,36,29,26,25,])=(3020000000,3026000000)->([40,39,31,24,21,20,],[40,39,31,29,28,24,])=(18081300000,180b1000000)->: ([43,42,35,27,26,23,22,19,15,13,],[43,42,35,32,31,27,26,19,16,])=(c080cc8a000,c098c090000): Prob: 11
([40,],[])=(10000000000,0): ->([35,32,31,],[35,])=(980000000,800000000)->([38,30,],[38,30,27,26,24,])=(4040000000,404d000000)->([41,27,25,22,21,],[41,30,29,27,25,])=(2000a600000,2006a000000)->: ([44,36,30,28,22,21,19,18,17,16,14,13,],[44,36,33,32,30,28,22,21,17,16,])=(1010506f6000,101350630000): Prob: 11
([41,],[])=(20000000000,0): ->([36,33,32,],[36,])=(1300000000,1000000000)->([39,31,],[39,31,28,27,25,])=(8080000000,809a000000)->([42,28,26,23,22,],[42,31,30,28,26,])=(40014c00000,400d4000000)->: ([45,37,31,29,23,20,18,15,],[45,37,34,33,31,29,23,18,])=(2020a0948000,2026a0840000): Prob: 11
([42,],[])=(40000000000,0): ->([37,36,34,],[37,36,])=(3400000000,3000000000)->([40,39,32,29,28,],[40,39,32,])=(18130000000,18100000000)->([43,42,32,27,26,21,],[43,42,27,26,24,])=(c010c200000,c000d000000)->: ([46,45,38,35,30,29,24,23,22,19,16,13,12,],[46,45,38,30,29,22,16,])=(604861c93000,604060410000): Prob: 11
([43,],[])=(80000000000,0): ->([38,35,34,],[38,])=(4c00000000,4000000000)->([41,33,32,27,],[41,33,32,30,])=(20308000000,20340000000)->([44,28,25,22,21,19,],[44,33,28,22,21,])=(100012680000,100210600000)->: ([47,39,35,31,25,24,23,13,11,],[47,39,36,31,25,24,23,20,19,17,14,13,])=(808883802800,8090839a6000): Prob: 11
([44,],[])=(100000000000,0): ->([39,38,36,],[39,38,])=(d000000000,c000000000)->([42,41,34,],[42,41,34,31,30,])=(60400000000,604c0000000)->([45,44,36,29,28,26,],[45,44,36,34,33,29,28,])=(301034000000,301630000000)->: ([47,40,32,28,27,24,20,18,0,],[47,40,37,36,32,24,21,20,0,])=(810119140001,813101300001): Prob: 11
([45,],[])=(200000000000,0): ->([40,37,36,],[40,])=(13000000000,10000000000)->([43,35,29,28,],[43,35,32,31,])=(80830000000,80980000000)->([46,30,29,27,24,21,],[46,35,34,30,29,24,])=(400069200000,400c61000000)->: ([41,33,32,27,25,13,12,1,],[41,38,37,33,32,27,25,22,19,18,16,1,])=(2030a003002,2630a4d0002): Prob: 11
([46,],[])=(400000000000,0): ->([41,38,37,],[41,])=(26000000000,20000000000)->([44,36,35,30,],[44,36,35,33,])=(101840000000,101a00000000)->([47,31,30,28,27,25,24,22,],[47,36,31,30,25,24,])=(8000db400000,8010c3000000)->: ([42,41,34,33,28,27,26,14,13,2,],[42,41,39,34,33,28,27,26,23,20,17,2,])=(6061c006004,6861c920004): Prob: 11
([47,],[])=(800000000000,0): ->([42,41,39,],[42,41,])=(68000000000,60000000000)->([45,44,37,],[45,44,37,34,31,])=(302000000000,302480000000)->([47,34,32,31,29,0,],[47,37,34,32,31,0,])=(8005a0000001,802580000001)->: ([43,42,39,37,35,34,29,27,26,25,23,21,3,2,],[43,42,40,37,35,34,29,27,24,23,3,2,])=(cac2ea0000c,d2c2980000c): Prob: 11
([1,0,],[])=(3,0): ->([44,43,41,40,],[44,43,])=(1b0000000000,180000000000)->([47,46,39,38,],[47,46,39,38,36,35,33,])=(c0c000000000,c0da00000000)->([36,34,31,2,1,],[39,38,36,34,2,1,])=(1480000006,d400000006)->: ([45,41,39,37,31,29,28,25,23,5,4,],[45,42,41,39,37,31,29,26,25,5,4,])=(22a0b2800030,26a0a6000030): Prob: 11
([2,1,],[])=(6,0): ->([45,42,],[45,])=(240000000000,200000000000)->([40,37,0,],[40,0,])=(12000000001,10000000001)->([40,39,35,34,29,28,3,],[35,34,32,3,])=(18c30000008,d00000008)->: ([46,45,43,38,37,32,30,27,24,21,6,],[46,45,38,37,30,24,6,])=(686149200040,606041000040): Prob: 11
([3,2,],[])=(c,0): ->([46,43,],[46,])=(480000000000,400000000000)->([41,40,1,],[41,40,38,35,1,])=(30000000002,34800000002)->([38,36,33,4,],[41,38,36,4,])=(5200000010,25000000010)->: ([47,43,41,39,33,32,31,27,25,7,],[47,44,41,39,33,32,31,30,28,27,7,])=(8a838a000080,9283d8000080): Prob: 11
([4,3,],[])=(18,0): ->([47,44,],[47,])=(900000000000,800000000000)->([42,41,2,],[42,41,39,38,2,])=(60000000004,6c000000004)->([44,37,34,5,],[44,42,41,37,5,])=(102400000020,162000000020)->: ([44,40,39,36,35,32,28,26,25,8,0,],[45,44,40,39,32,29,8,0,])=(119916000101,318120000101): Prob: 11
([5,4,],[])=(30,0): ->([47,45,44,0,],[47,0,])=(b00000000001,800000000001)->([43,42,37,36,3,2,],[43,42,40,39,3,2,])=(c300000000c,d800000000c)->([38,37,35,34,32,29,6,5,],[43,42,38,37,32,6,5,])=(6d20000060,c6100000060)->: ([41,40,35,33,21,9,8,1,0,],[46,45,41,40,35,33,30,27,24,23,9,8,1,0,])=(30a00200303,630a49800303): Prob: 11
([6,5,],[])=(60,0): ->([46,1,],[1,])=(400000000002,2)->([44,43,4,],[44,43,41,38,4,])=(180000000010,1a4000000010)->([41,39,36,7,],[44,41,39,7,])=(29000000080,128000000080)->: ([44,42,36,34,32,28,27,10,2,1,],[47,44,42,36,34,33,31,10,2,1,])=(141518000406,941680000406): Prob: 11
([7,6,],[])=(c0,0): ->([47,2,],[2,])=(800000000004,4)->([45,44,39,38,5,],[45,44,42,5,])=(30c000000020,340000000020)->([40,39,37,36,34,33,31,30,8,],[45,40,39,34,33,8,])=(1b6c0000100,218600000100)->: ([43,42,37,36,35,23,11,3,],[43,42,37,36,35,32,29,26,11,3,0,])=(c3800800808,c3924000809): Prob: 10
([8,7,],[])=(180,0): ->([47,46,3,2,0,],[3,2,])=(c0000000000d,c)->([46,45,40,6,5,],[46,45,43,42,6,5,])=(610000000060,6c0000000060)->([41,38,35,34,32,9,8,],[46,45,41,35,34,9,8,])=(24d00000300,620c00000300)->: ([44,38,37,36,35,32,24,23,12,11,4,],[44,38,37,36,35,33,32,30,27,12,11,4,1,0,])=(107901801810,107b48001813): Prob: 12
([9,8,],[])=(300,0): ->([4,1,],[4,])=(12,10)->([47,46,7,],[47,46,44,43,7,])=(c00000000080,d80000000080)->([46,42,41,39,38,10,],[47,46,42,41,10,])=(46c000000400,c60000000400)->: ([45,44,41,40,38,37,31,13,5,4,1,],[45,44,41,40,37,34,13,5,4,2,1,])=(336080002032,332400002036): Prob: 11
([10,9,],[])=(600,0): ->([5,2,1,],[5,])=(26,20)->([8,0,],[45,8,0,])=(101,200000000101)->([43,42,40,11,],[43,42,11,0,])=(d0000000800,c0000000801)->: ([46,45,38,32,31,14,6,5,],[46,45,38,35,14,6,5,3,])=(604180004060,604800004068): Prob: 10
([11,10,],[])=(c00,0): ->([6,3,],[6,])=(48,40)->([9,1,0,],[46,45,9,1,0,])=(203,600000000203)->([44,41,12,],[44,12,1,0,])=(120000001000,100000001003)->: ([47,39,38,33,32,15,7,],[47,39,38,36,15,7,4,3,])=(80c300008080,80d000008098): Prob: 10
([12,11,],[])=(1800,0): ->([7,4,],[7,])=(90,80)->([10,2,1,],[47,46,10,2,1,])=(406,c00000000406)->([45,42,13,],[45,13,2,1,])=(240000002000,200000002006)->: ([40,39,34,33,16,8,0,],[40,39,37,16,8,5,4,0,])=(18600010101,1a000010131): Prob: 11
([13,12,],[])=(3000,0): ->([8,5,],[8,])=(120,100)->([47,45,11,3,],[47,11,3,0,])=(a00000000808,800000000809)->([46,45,43,42,39,14,],[46,45,42,14,3,2,])=(6c8000004000,64000000400c)->: ([45,41,35,34,31,30,17,9,1,0,],[45,41,38,34,17,9,6,5,1,0,])=(220cc0020203,224400020263): Prob: 10
([14,13,],[])=(6000,0): ->([9,6,],[9,])=(240,200)->([46,45,12,4,3,],[12,4,3,1,])=(600000001018,101a)->([47,44,41,38,15,],[47,41,15,4,])=(924000008000,820000008010)->: ([44,42,41,30,29,18,10,9,2,],[44,42,41,39,36,35,33,18,10,9,7,2,])=(160060040604,169a00040684): Prob: 11
([15,14,],[])=(c000,0): ->([10,7,],[10,])=(480,400)->([47,13,5,],[13,5,2,1,])=(800000002020,2026)->([47,45,42,39,38,16,0,],[47,42,16,5,4,0,])=(a4c000010001,840000010031)->: ([45,43,36,33,31,19,11,3,2,],[45,43,40,37,34,19,11,8,7,3,2,])=(28128008080c,29240008098c): Prob: 11
([16,15,],[])=(18000,0): ->([11,8,],[11,])=(900,800)->([14,6,],[14,6,3,])=(4040,4048)->([46,17,8,1,0,],[17,8,6,1,0,])=(400000020103,20143)->: ([44,40,38,20,12,4,0,],[44,41,40,20,12,9,4,])=(114000101011,130000101210): Prob: 9
([17,16,],[])=(30000,0): ->([12,9,],[12,])=(1200,1000)->([15,7,6,],[15,7,6,4,3,])=(80c0,80d8)->([47,18,6,2,],[18,7,6,2,])=(800000040044,400c4)->: ([46,39,21,13,12,9,5,1,],[45,42,41,21,13,12,10,9,5,1,])=(408000203222,260000203622): Prob: 11
([18,17,],[])=(60000,0): ->([13,12,10,9,],[13,12,])=(3600,3000)->([16,15,8,2,],[16,15,8,5,])=(18104,18120)->([45,42,41,19,18,3,0,],[45,19,18,8,3,])=(2600000c0009,2000000c0108)->: ([46,42,34,22,21,14,6,0,],[46,43,40,39,37,22,21,14,11,6,0,])=(440400604041,49a000604841): Prob: 10
([19,18,],[])=(c0000,0): ->([14,13,11,10,],[14,13,])=(6c00,6000)->([17,16,9,8,],[17,16,9,8,6,])=(30300,30340)->([20,19,8,4,1,],[20,19,9,4,])=(180112,180210)->: ([47,46,43,41,23,22,15,7,3,0,],[47,46,44,43,23,22,15,12,7,3,])=(ca0000c08089,d80000c09088): Prob: 10
([20,19,],[])=(180000,0): ->([15,12,],[15,])=(9000,8000)->([18,10,9,],[18,10,9,7,4,])=(40600,40690)->([21,7,5,2,],[21,10,7,5,])=(2000a4,2004a0)->: ([46,44,42,24,16,15,10,8,2,0,],[47,45,44,24,16,15,13,10,8,2,0,])=(540001018505,b0000101a505): Prob: 11
([21,20,],[])=(300000,0): ->([16,13,],[16,])=(12000,10000)->([19,11,10,],[19,11,10,8,5,])=(80c00,80d20)->([22,8,6,3,],[22,11,8,6,])=(400148,400940)->: ([45,43,42,25,17,13,11,9,3,1,0,],[46,25,17,14,11,9,3,1,])=(2c0002022a0b,400002024a0a): Prob: 10
([22,21,],[])=(600000,0): ->([17,14,],[17,])=(24000,20000)->([20,12,11,9,8,],[20,12,11,])=(101b00,101800)->([23,12,7,1,],[23,7,4,])=(801082,800090)->: ([47,44,41,40,26,18,17,15,10,4,3,2,1,],[44,26,18,17,10,2,1,])=(93000406841e,100004060406): Prob: 11
([23,22,],[])=(c00000,0): ->([18,17,15,14,],[18,17,])=(6c000,60000)->([21,20,13,12,],[21,20,13,12,10,9,7,])=(303000,303680)->([24,23,10,8,5,],[24,23,13,12,10,8,])=(1800520,1803500)->: ([45,44,27,26,19,15,13,11,5,3,2,1,],[27,26,19,16,15,13,11,5,3,0,])=(30000c08a82e,c09a829): Prob: 10
([24,23,],[])=(1800000,0): ->([19,18,16,15,],[19,18,])=(d8000,c0000)->([22,21,14,8,],[22,21,14,11,])=(604100,604800)->([25,24,9,8,6,3,0,],[25,24,14,9,8,3,])=(3000349,3004308)->: ([45,40,39,28,27,20,12,11,6,4,0,],[46,45,43,28,27,20,17,12,11,6,4,1,0,])=(218018101851,680018121853): Prob: 10
([25,24,],[])=(3000000,0): ->([20,17,],[20,])=(120000,100000)->([23,15,9,],[23,15,12,11,])=(808200,809800)->([26,10,9,7,4,1,],[26,15,14,10,9,4,])=(4000692,400c610)->: ([43,41,29,21,13,12,7,5,],[47,46,44,43,29,21,18,17,13,12,7,5,2,])=(a00202030a0,d800202630a4): Prob: 11
([26,25,],[])=(6000000,0): ->([21,18,],[21,])=(240000,200000)->([24,16,15,],[24,16,15,13,10,])=(1018000,101a400)->([27,13,11,8,],[27,16,13,11,])=(8002900,8012800)->: ([30,22,18,16,14,8,6,4,0,],[30,22,19,16,14,8,6,5,3,])=(40454151,40494168): Prob: 10
([27,26,],[])=(c000000,0): ->([22,19,],[22,])=(480000,400000)->([25,17,11,],[25,17,14,13,])=(2020800,2026000)->([28,12,9,8,6,3,2,],[28,17,16,12,6,])=(1000134c,10031040)->: ([43,31,23,15,9,7,6,0,],[46,31,23,20,19,15,9,7,6,4,1,0,])=(800808082c1,4000809882d3): Prob: 11
([28,27,],[])=(18000000,0): ->([23,20,],[23,])=(900000,800000)->([26,18,15,],[26,18,])=(4048000,4040000)->([29,18,17,13,12,7,6,],[29,13,12,10,])=(200630c0,20003400)->: ([47,32,24,21,20,16,15,10,8,5,2,],[32,24,16,15,8,2,])=(800101318524,101018104): Prob: 11
([29,28,],[])=(30000000,0): ->([24,21,],[24,])=(1200000,1000000)->([27,19,16,],[27,19,])=(8090000,8080000)->([30,19,18,14,8,],[30,14,11,10,])=(400c4100,40004c00)->: ([33,25,22,21,17,13,11,9,8,6,3,0,],[33,25,17,13,9,8,3,])=(202622b49,202022308): Prob: 10
([30,29,],[])=(60000000,0): ->([25,22,],[25,])=(2400000,2000000)->([28,20,19,],[28,20,19,17,14,])=(10180000,101a4000)->([31,17,15,12,],[31,20,17,15,])=(80029000,80128000)->: ([34,26,25,20,18,12,11,10,4,3,],[34,26,25,23,20,18,12,11,10,9,7,])=(406141c18,406941e80): Prob: 11
([31,30,],[])=(c0000000,0): ->([26,25,23,22,],[26,25,])=(6c00000,6000000)->([29,28,21,15,],[29,28,21,18,])=(30208000,30240000)->([32,31,16,13,12,10,7,6,],[32,31,21,16,10,])=(1800134c0,180210400)->: ([47,35,34,27,19,13,11,10,1,],[35,34,27,24,19,13,11,10,8,5,2,])=(800c08082c02,c09082d24): Prob: 11
([32,31,],[])=(180000000,0): ->([27,26,24,23,],[27,26,])=(d800000,c000000)->([30,29,22,16,],[30,29,22,19,])=(60410000,60480000)->([33,32,17,16,14,11,10,8,],[33,32,22,17,16,11,10,])=(300034d00,300430c00)->: ([36,35,28,20,19,14,13,12,8,0,],[36,35,28,25,20,19,14,13,12,9,8,6,3,])=(1810187101,1812187348): Prob: 10
([33,32,],[])=(300000000,0): ->([28,25,],[28,])=(12000000,10000000)->([31,23,22,],[31,23,22,20,19,])=(80c00000,80d80000)->([34,22,18,15,],[34,23,22,18,])=(400448000,400c40000)->: ([37,29,21,17,14,9,7,6,],[37,29,26,25,21,17,13,10,])=(20202242c0,2026222400): Prob: 11
([34,33,],[])=(600000000,0): ->([29,26,],[29,])=(24000000,20000000)->([32,24,23,],[32,24,23,21,20,])=(101800000,101b00000)->([35,26,19,16,],[35,26,24,23,19,])=(804090000,805880000)->: ([38,30,29,22,21,18,17,14,8,],[38,30,29,27,26,22,21,14,11,10,])=(4060664100,406c604c00): Prob: 11
([35,34,],[])=(c00000000,0): ->([30,27,],[30,])=(48000000,40000000)->([33,25,24,],[33,25,24,22,21,])=(203000000,203600000)->([36,24,20,19,17,16,],[36,25,24,20,19,])=(10011b0000,1003180000)->: ([39,31,23,22,19,16,9,],[39,31,28,27,23,22,19,15,12,])=(8080c90200,8098c89000): Prob: 11
([36,35,],[])=(1800000000,0): ->([31,28,],[31,])=(90000000,80000000)->([34,26,25,],[34,26,25,23,22,])=(406000000,406c00000)->([37,25,21,18,],[37,26,25,21,])=(2002240000,2006200000)->: ([40,32,24,20,17,15,10,9,],[40,32,29,28,24,20,16,15,13,])=(10101128600,1013111a000): Prob: 11
([37,36,],[])=(3000000000,0): ->([32,29,],[32,])=(120000000,100000000)->([35,27,26,],[35,27,26,24,23,])=(80c000000,80d800000)->([38,26,22,21,19,18,],[38,27,26,22,21,])=(40046c0000,400c600000)->: ([41,33,25,24,21,18,11,],[41,33,30,29,25,24,21,17,14,])=(20203240800,20263224000): Prob: 11
([38,37,],[])=(6000000000,0): ->([33,32,30,29,],[33,32,])=(360000000,300000000)->([36,35,28,27,],[36,35,28,27,25,24,22,])=(1818000000,181b400000)->([39,38,25,23,22,20,19,],[39,38,28,27,25,23,22,])=(c002d80000,c01ac00000)->: ([42,41,34,30,28,26,25,20,18,17,16,12,],[42,41,34,31,30,28,26,25,20,18,15,])=(60456171000,604d6148000): Prob: 11
([39,38,],[])=(c000000000,0): ->([34,31,],[34,])=(480000000,400000000)->([37,29,23,],[37,29,26,25,])=(2020800000,2026000000)->([40,24,23,21,18,17,15,],[40,29,28,24,23,18,17,])=(10001a68000,10031860000)->: ([43,35,27,26,21,20,19,15,7,6,],[43,35,32,31,27,26,21,20,19,16,15,13,10,])=(8080c3880c0,8098c39a400): Prob: 11
([40,39,],[])=(18000000000,0): ->([35,34,32,31,],[35,34,])=(d80000000,c00000000)->([38,37,30,24,],[38,37,30,27,])=(6041000000,6048000000)->([41,40,25,24,22,19,16,15,],[41,40,30,25,24,19,])=(30003498000,30043080000)->: ([44,43,36,35,32,28,27,22,20,16,10,8,],[44,43,36,35,33,28,27,22,20,17,16,14,11,])=(181918510500,181a18534800): Prob: 11
([41,40,],[])=(30000000000,0): ->([36,35,33,32,],[36,35,])=(1b00000000,1800000000)->([39,38,31,30,],[39,38,31,30,28,])=(c0c0000000,c0d0000000)->([42,41,30,26,25,23,22,],[42,41,31,26,25,])=(60046c00000,60086000000)->: ([45,44,37,29,28,25,22,15,],[45,44,37,34,29,28,25,21,18,])=(302032408000,302432240000): Prob: 11
([42,41,],[])=(60000000000,0): ->([37,34,],[37,])=(2400000000,2000000000)->([40,32,31,],[40,32,31,29,26,])=(10180000000,101a4000000)->([43,29,27,26,24,23,],[43,32,29,27,26,])=(8002d800000,8012c000000)->: ([46,38,34,32,30,29,24,22,21,20,16,],[46,38,35,32,30,29,24,22,19,])=(404561710000,404961480000): Prob: 11
([43,42,],[])=(c0000000000,0): ->([38,35,],[38,])=(4800000000,4000000000)->([41,33,32,],[41,33,32,30,27,])=(20300000000,20348000000)->([44,30,28,25,],[44,33,30,28,])=(100052000000,100250000000)->: ([47,39,35,33,31,25,24,23,22,21,19,17,],[47,39,36,33,31,25,24,23,20,19,])=(808a83ea0000,809283980000): Prob: 11
([44,43,],[])=(180000000000,0): ->([39,36,],[39,])=(9000000000,8000000000)->([42,34,33,28,27,],[42,34,33,31,])=(40618000000,40680000000)->([45,29,26,23,20,],[45,34,29,23,])=(200024900000,200420800000)->: ([40,36,32,26,24,23,20,14,12,11,0,],[40,37,32,26,24,23,21,20,18,15,0,])=(11105905801,12105b48001): Prob: 11
([45,44,],[])=(300000000000,0): ->([40,37,],[40,])=(12000000000,10000000000)->([43,35,34,32,31,],[43,35,34,])=(80d80000000,80c00000000)->([46,35,30,24,],[46,30,27,])=(400841000000,400048000000)->: ([41,40,38,33,27,26,25,22,21,19,16,15,1,],[41,40,33,25,19,1,])=(3420e698002,30202080002): Prob: 11
([46,45,],[])=(600000000000,0): ->([41,38,],[41,])=(24000000000,20000000000)->([44,36,35,],[44,36,35,33,32,])=(101800000000,101b00000000)->([47,38,31,30,28,27,],[47,38,36,35,31,30,])=(8040d8000000,8058c0000000)->: ([42,41,34,30,29,26,20,2,],[42,41,39,38,34,26,23,2,])=(60464100004,6c404800004): Prob: 11
([47,46,],[])=(c00000000000,0): ->([42,39,],[42,])=(48000000000,40000000000)->([45,37,36,],[45,37,36,34,31,])=(203000000000,203480000000)->([34,32,31,29,28,0,],[37,34,32,31,0,])=(5b0000001,2580000001)->: ([43,42,37,35,34,29,27,26,25,21,3,],[43,42,40,37,35,34,29,27,24,3,])=(c2c2e200008,d2c29000008): Prob: 11
([],[0,])=(0,1): ->([3,],[3,])=(8,8)->([46,45,43,6,],[46,45,6,])=(680000000040,600000000040)->([46,41,35,34,9,],[41,38,9,])=(420c00000200,24000000200)->: ([44,40,38,36,33,32,30,27,12,4,1,],[44,40,36,30,12,4,])=(115348001012,111040001010): Prob: 8
([],[1,])=(0,2): ->([4,],[4,])=(10,10)->([47,46,44,7,],[47,46,7,])=(d00000000080,c00000000080)->([47,42,36,35,10,],[42,39,10,])=(841800000400,48000000400)->: ([45,41,39,37,34,33,31,28,13,5,2,1,],[45,41,37,31,13,5,])=(22a690002026,222080002020): Prob: 8
([],[2,])=(0,4): ->([5,],[5,])=(20,20)->([8,0,],[45,8,0,])=(101,200000000101)->([43,40,39,11,],[43,11,0,])=(98000000800,80000000801)->: ([46,38,34,32,14,6,2,],[46,38,35,14,6,3,])=(404500004044,404800004048): Prob: 7
([],[3,])=(0,8): ->([6,],[6,])=(40,40)->([9,1,],[46,9,1,])=(202,400000000202)->([44,41,40,12,],[44,12,1,])=(130000001000,100000001002)->: ([47,39,38,33,15,7,3,],[47,39,38,36,15,7,4,])=(80c200008088,80d000008090): Prob: 8
([],[4,])=(0,10): ->([7,],[7,])=(80,80)->([47,10,2,1,],[10,2,1,])=(800000000406,406)->([45,39,38,13,2,],[45,42,13,])=(20c000002004,240000002000)->: ([44,42,40,37,36,34,31,16,8,5,4,0,],[44,40,34,16,8,0,])=(153480010131,110400010101): Prob: 8Optimal Solution found!
([],[5,])=(0,20): ->([8,],[8,])=(100,100)->([11,3,0,],[11,3,])=(809,808)->([46,45,40,39,14,3,2,],[46,45,43,14,])=(61800000400c,680000004000)->: ([43,41,38,35,32,17,9,8,6,1,0,],[41,35,17,9,8,1,0,])=(a4900020343,20800020303): Prob: 7
([],[6,])=(0,40): ->([9,],[9,])=(200,200)->([12,4,1,0,],[12,4,])=(1013,1010)->([47,46,41,15,4,3,],[47,46,44,15,])=(c20000008018,d00000008000)->: ([44,42,39,36,33,32,18,10,7,6,2,1,],[42,36,18,10,2,1,])=(1493000404c6,41000040406): Prob: 8
([],[7,])=(0,80): ->([10,],[10,])=(400,400)->([13,5,4,2,],[13,5,4,])=(2034,2030)->([42,41,16,5,0,],[45,16,0,])=(60000010021,200000010001)->: ([45,44,43,40,39,37,34,19,11,8,7,3,],[43,37,19,11,3,])=(39a400080988,82000080808): Prob: 8
([],[8,])=(0,100): ->([11,],[11,])=(800,800)->([14,6,],[14,6,3,])=(4040,4048)->([46,45,17,8,1,],[17,8,6,1,])=(600000020102,20142)->: ([44,40,38,20,12,11,8,4,3,0,],[44,41,20,12,11,9,4,3,])=(114000101919,120000101a18): Prob: 8
([],[9,])=(0,200): ->([12,],[12,])=(1000,1000)->([15,7,4,3,],[15,7,])=(8098,8080)->([44,43,18,7,6,2,],[47,46,18,2,])=(1800000400c4,c00000040004)->: ([47,46,45,44,42,39,36,21,13,10,9,5,],[45,44,39,21,13,5,])=(f49000202620,308000202020): Prob: 8
([],[10,])=(0,400): ->([13,],[13,])=(2000,2000)->([16,8,7,5,],[16,8,7,])=(101a0,10180)->([47,19,8,3,2,0,],[19,3,2,])=(80000008010d,8000c)->: ([46,40,22,14,13,11,6,5,3,0,],[46,43,22,14,13,6,5,3,])=(410000406869,480000406068): Prob: 7
([],[11,])=(0,800): ->([14,],[14,])=(4000,4000)->([17,9,],[17,9,6,])=(20200,20240)->([20,8,4,1,],[20,9,4,])=(100112,100210)->: ([47,41,23,15,11,7,3,0,],[47,44,43,23,15,12,7,3,])=(820000808889,980000809088): Prob: 8
([],[12,])=(0,1000): ->([15,],[15,])=(8000,8000)->([18,10,9,7,],[18,10,9,])=(40680,40600)->([47,46,21,10,5,],[21,5,2,])=(c00000200420,200024)->: ([45,44,42,39,24,16,13,12,8,4,2,0,],[42,24,16,8,4,0,])=(348001013115,40001010111): Prob: 8
([],[13,])=(0,2000): ->([16,],[16,])=(10000,10000)->([19,11,10,8,],[19,11,10,])=(80d00,80c00)->([22,11,6,0,],[22,6,3,])=(400841,400048)->: ([46,45,43,40,39,25,17,14,13,9,3,2,1,],[43,25,17,9,1,])=(69800202620e,80002020202): Prob: 7
([],[14,])=(0,4000): ->([17,],[17,])=(20000,20000)->([20,12,9,8,],[20,12,])=(101300,101000)->([23,12,11,7,6,1,0,],[23,7,6,4,])=(8018c3,8000d0)->: ([47,44,41,26,18,15,14,10,9,4,2,],[44,26,18,10,9,2,])=(92000404c614,100004040604): Prob: 8
([],[15,])=(0,8000): ->([18,],[18,])=(40000,40000)->([21,13,12,10,],[21,13,12,])=(203400,203000)->([24,13,8,2,1,],[24,8,5,])=(1002106,1000120)->: ([45,42,27,19,16,15,11,7,5,3,0,],[45,27,19,11,7,3,])=(2400080988a9,200008080888): Prob: 7
([],[16,])=(0,10000): ->([19,],[19,])=(80000,80000)->([22,14,11,10,],[22,14,])=(404c00,404000)->([25,14,13,9,3,2,],[25,9,6,5,])=(200620c,2000260)->: ([46,43,28,20,17,16,12,8,6,4,1,],[46,28,20,12,8,4,])=(480010131152,400010101110): Prob: 8
([],[17,])=(0,20000): ->([20,],[20,])=(100000,100000)->([23,15,14,12,],[23,15,14,])=(80d000,80c000)->([26,15,10,9,4,],[26,10,9,7,6,])=(4008610,40006c0)->: ([47,44,43,29,21,18,17,13,12,7,5,2,],[47,29,21,13,12,5,])=(9800202630a4,800020203020): Prob: 8
([],[18,])=(0,40000): ->([21,],[21,])=(200000,200000)->([24,16,13,12,],[24,16,])=(1013000,1010000)->([27,16,15,11,5,4,],[27,11,8,7,])=(8018830,8000980)->: ([45,30,22,21,19,14,8,7,6,3,2,0,],[30,22,21,14,6,0,])=(2000406841cd,40604041): Prob: 8
([],[19,])=(0,80000): ->([22,],[22,])=(400000,400000)->([25,17,16,14,],[25,17,16,])=(2034000,2030000)->([28,17,12,8,6,],[28,12,9,8,])=(10021140,10001300)->: ([46,45,31,23,22,20,15,9,7,6,4,3,1,0,],[31,23,22,15,7,6,3,1,])=(600080d082db,80c080ca): Prob: 8
([],[20,])=(0,100000): ->([23,],[23,])=(800000,800000)->([26,18,15,14,],[26,18,])=(404c000,4040000)->([29,18,17,13,7,6,],[29,13,10,9,])=(200620c0,20002600)->: ([47,46,32,24,23,21,16,12,10,8,5,4,2,1,],[32,24,23,16,12,8,2,1,])=(c00101a11536,101811106): Prob: 8
([],[21,])=(0,200000): ->([24,],[24,])=(1000000,1000000)->([27,19,18,16,],[27,19,18,])=(80d0000,80c0000)->([30,19,14,13,8,],[30,14,13,11,10,])=(40086100,40006c00)->: ([33,25,22,21,17,16,11,9,6,3,0,],[33,25,17,16,9,3,])=(202630a49,202030208): Prob: 7
([],[22,])=(0,400000): ->([25,],[25,])=(2000000,2000000)->([28,20,17,16,],[28,20,])=(10130000,10100000)->([31,20,19,15,9,8,],[31,15,12,11,])=(80188300,80009800)->: ([34,26,23,22,18,14,12,10,7,6,4,1,],[34,26,18,14,10,4,])=(404c454d2,404044410): Prob: 8
([],[23,])=(0,800000): ->([26,],[26,])=(4000000,4000000)->([29,21,18,17,],[29,21,])=(20260000,20200000)->([32,21,20,16,10,9,],[32,16,13,12,])=(100310600,100013000)->: ([35,27,26,24,19,15,13,11,8,7,5,2,],[35,27,26,19,15,11,5,])=(80d08a9a4,80c088820): Prob: 8
([],[24,])=(0,1000000): ->([27,],[27,])=(8000000,8000000)->([30,22,21,19,],[30,22,21,])=(40680000,40600000)->([33,22,17,11,10,],[33,17,14,])=(200420c00,200024000)->: ([36,28,27,25,20,14,13,12,11,9,6,3,],[36,28,27,20,12,11,6,])=(101a107a48,1018101840): Prob: 8
([],[25,])=(0,2000000): ->([28,],[28,])=(10000000,10000000)->([31,23,20,19,],[31,23,])=(80980000,80800000)->([34,23,22,18,12,11,],[34,18,15,14,])=(400c41800,40004c000)->: ([37,29,28,26,21,15,14,13,10,9,7,4,],[37,29,28,21,13,7,])=(203420e690,2030202080): Prob: 8
([],[26,])=(0,4000000): ->([29,],[29,])=(20000000,20000000)->([32,24,23,21,],[32,24,23,])=(101a00000,101800000)->([35,24,19,13,12,],[35,19,16,])=(801083000,800090000)->: ([38,30,27,26,22,16,15,14,11,10,8,5,],[38,30,22,14,8,])=(404c41cd20,4040404100): Prob: 8
([],[27,])=(0,8000000): ->([30,],[30,])=(40000000,40000000)->([33,25,24,22,],[33,25,24,])=(203400000,203000000)->([36,25,20,14,13,],[36,20,17,])=(1002106000,1000120000)->: ([39,31,28,27,23,19,17,15,14,12,9,6,],[39,31,23,19,15,14,9,])=(80988ad240,808088c200): Prob: 8
([],[28,])=(0,10000000): ->([31,],[31,])=(80000000,80000000)->([34,26,23,22,],[34,26,])=(404c00000,404000000)->([37,26,25,21,20,15,],[37,21,20,18,])=(2006308000,2000340000)->: ([40,32,31,29,24,23,18,16,13,10,9,7,],[40,32,31,24,23,16,10,9,])=(101a1852680,10181810600): Prob: 8
([],[29,])=(0,20000000): ->([32,],[32,])=(100000000,100000000)->([35,27,26,24,],[35,27,26,])=(80d000000,80c000000)->([38,27,22,16,15,],[38,22,19,])=(4008418000,4000480000)->: ([41,33,30,29,25,19,18,17,14,13,11,8,],[41,33,25,17,11,])=(202620e6900,20202020800): Prob: 8
([],[30,])=(0,40000000): ->([33,],[33,])=(200000000,200000000)->([36,28,27,25,],[36,28,27,])=(101a000000,1018000000)->([39,28,23,17,16,],[39,23,20,])=(8010830000,8000900000)->: ([42,34,31,30,26,20,19,18,15,14,12,9,],[42,34,26,18,12,])=(404c41cd200,40404041000): Prob: 8
([],[31,])=(0,80000000): ->([34,],[34,])=(400000000,400000000)->([37,29,28,26,],[37,29,28,])=(2034000000,2030000000)->([40,29,24,18,17,],[40,24,21,])=(10021060000,10001200000)->: ([43,35,32,31,27,23,21,19,18,16,13,12,10,9,],[43,35,27,23,19,18,13,12,])=(80988ad3600,808088c3000): Prob: 8
([],[32,])=(0,100000000): ->([35,],[35,])=(800000000,800000000)->([38,30,29,27,],[38,30,29,])=(4068000000,4060000000)->([41,30,25,19,18,],[41,25,22,])=(200420c0000,20002400000)->: ([44,36,33,32,28,22,21,20,19,17,14,11,],[44,36,28,20,19,14,])=(1013107a4800,101010184000): Prob: 8
([],[33,])=(0,200000000): ->([36,],[36,])=(1000000000,1000000000)->([39,31,30,28,],[39,31,30,])=(80d0000000,80c0000000)->([42,31,26,20,19,],[42,26,23,])=(40084180000,40004800000)->: ([45,37,34,33,29,23,22,21,18,17,15,12,],[45,37,29,21,15,])=(202620e69000,202020208000): Prob: 8
([],[34,])=(0,400000000): ->([37,],[37,])=(2000000000,2000000000)->([40,32,29,28,],[40,32,])=(10130000000,10100000000)->([43,32,31,27,21,20,],[43,27,24,23,])=(80188300000,80009800000)->: ([46,38,37,35,30,24,23,22,19,18,16,13,],[46,38,37,30,22,16,])=(406841cd2000,406040410000): Prob: 8
([],[35,])=(0,800000000): ->([38,],[38,])=(4000000000,4000000000)->([41,33,32,30,],[41,33,32,])=(20340000000,20300000000)->([44,33,28,27,22,],[44,28,27,25,24,])=(100218400000,10001b000000)->: ([47,39,38,36,31,30,25,23,20,17,16,14,],[47,39,38,31,30,23,17,16,])=(80d0c2934000,80c0c0830000): Prob: 8
([],[36,])=(0,1000000000): ->([39,],[39,])=(8000000000,8000000000)->([42,34,33,31,],[42,34,33,])=(40680000000,40600000000)->([45,34,29,23,22,],[45,29,26,])=(200420c00000,200024000000)->: ([40,39,37,32,26,25,24,21,20,18,15,0,],[40,39,32,24,18,0,])=(1a107348001,18101040001): Prob: 8
([],[37,])=(0,2000000000): ->([40,],[40,])=(10000000000,10000000000)->([43,35,34,32,],[43,35,34,])=(80d00000000,80c00000000)->([46,35,30,24,23,],[46,30,27,])=(400841800000,400048000000)->: ([41,40,38,33,29,27,25,22,21,19,16,1,],[41,40,33,29,25,19,1,])=(3422a690002,30222080002): Prob: 8
([],[38,])=(0,4000000000): ->([41,],[41,])=(20000000000,20000000000)->([44,36,35,33,],[44,36,35,])=(101a00000000,101800000000)->([47,36,31,25,24,],[47,31,28,])=(801083000000,800090000000)->: ([42,41,39,34,28,27,26,23,22,20,17,2,],[42,41,34,26,20,2,])=(6841cd20004,60404100004): Prob: 8
([],[39,])=(0,8000000000): ->([42,],[42,])=(40000000000,40000000000)->([45,37,36,34,],[45,37,36,])=(203400000000,203000000000)->([37,32,26,25,0,],[32,29,0,])=(2106000001,120000001)->: ([43,42,40,35,29,28,27,24,23,21,18,3,],[43,42,35,27,21,3,])=(d0839a40008,c0808200008): Prob: 8
([],[40,])=(0,10000000000): ->([43,],[43,])=(80000000000,80000000000)->([46,38,37,35,],[46,38,37,])=(406800000000,406000000000)->([38,33,27,26,1,],[33,30,1,])=(420c000002,240000002)->: ([44,43,41,36,30,29,28,25,24,22,21,19,18,4,],[44,43,36,28,22,21,4,])=(1a10736c0010,181010600010): Prob: 8
([],[41,])=(0,20000000000): ->([44,],[44,])=(100000000000,100000000000)->([47,39,36,35,],[47,39,])=(809800000000,808000000000)->([39,38,34,28,27,2,],[34,31,30,2,])=(c418000004,4c0000004)->: ([45,42,41,37,33,31,29,26,25,23,20,5,],[45,37,33,29,23,5,])=(2622a6900020,202220800020): Prob: 8
([],[42,])=(0,40000000000): ->([45,],[45,])=(200000000000,200000000000)->([40,39,37,0,],[40,39,0,])=(1a000000001,18000000001)->([40,35,29,28,3,],[35,32,3,])=(10830000008,900000008)->: ([46,43,42,38,34,32,30,27,26,24,23,21,20,6,],[46,38,34,30,24,23,6,])=(4c454db00040,404441800040): Prob: 8
([],[43,])=(0,80000000000): ->([46,],[46,])=(400000000000,400000000000)->([41,40,38,1,],[41,40,1,])=(34000000002,30000000002)->([41,36,35,30,4,],[36,35,33,32,4,])=(21840000010,1b00000010)->: ([47,44,43,39,38,33,31,30,28,27,25,22,21,7,],[47,39,38,31,30,25,7,])=(98c2da600080,80c0c2000080): Prob: 8
([],[44,])=(0,100000000000): ->([47,],[47,])=(800000000000,800000000000)->([42,39,38,2,],[42,2,])=(4c000000004,40000000004)->([42,41,37,31,30,5,],[37,34,33,5,])=(620c0000020,2600000020)->: ([45,44,40,34,33,32,29,28,26,23,8,0,],[40,32,26,8,0,])=(310734800101,10104000101): Prob: 8
([],[45,])=(0,200000000000): ->([0,],[0,])=(1,1)->([43,40,39,3,],[43,3,])=(98000000008,80000000008)->([43,42,38,32,31,6,],[38,35,34,6,])=(c4180000040,4c00000040)->: ([46,45,41,37,35,33,30,29,27,24,9,1,],[41,37,33,27,9,1,])=(622a69000202,22208000202): Prob: 8
([],[46,])=(0,400000000000): ->([1,],[1,])=(2,2)->([44,43,41,4,],[44,43,4,])=(1a0000000010,180000000010)->([44,39,33,32,7,],[39,36,7,])=(108300000080,9000000080)->: ([47,46,42,36,35,34,31,30,28,25,10,2,],[42,34,28,10,2,])=(c41cd2000404,40410000404): Prob: 8
([],[47,])=(0,800000000000): ->([2,],[2,])=(4,4)->([45,42,41,5,],[45,5,])=(260000000020,200000000020)->([45,44,40,34,33,8,],[40,37,36,8,])=(310600000100,13000000100)->: ([43,37,36,35,32,31,29,26,11,3,0,],[43,35,29,11,3,])=(839a4000809,80820000808): Prob: 7
([],[1,0,])=(0,3): ->([4,3,],[4,3,])=(18,18)->([47,46,44,43,7,6,],[47,46,7,6,])=(d800000000c0,c000000000c0)->([47,46,42,36,10,9,],[42,39,10,9,])=(c41000000600,48000000600)->: ([45,39,37,36,34,31,30,28,13,12,5,2,],[45,37,36,31,30,13,12,5,])=(20b4d0003024,2030c0003020): Prob: 8
([],[2,1,])=(0,6): ->([5,4,],[5,4,])=(30,30)->([47,45,44,8,7,0,],[47,8,7,0,])=(b00000000181,800000000181)->([47,43,37,11,10,],[43,40,11,10,0,])=(882000000c00,90000000c01)->: ([46,43,42,39,37,35,32,29,28,14,13,6,],[46,43,42,38,37,32,14,13,6,3,])=(4ca930006040,4c6100006048): Prob: 9
([],[3,2,])=(0,c): ->([6,5,],[6,5,])=(60,60)->([9,8,1,0,],[46,9,8,1,0,])=(303,400000000303)->([44,41,12,11,],[44,12,11,1,])=(120000001800,100000001802)->: ([47,39,33,15,14,7,],[47,39,36,35,15,14,7,4,])=(80820000c080,80980000c090): Prob: 8
([],[4,3,])=(0,18): ->([7,6,],[7,6,])=(c0,c0)->([47,10,9,2,],[10,9,2,])=(800000000604,604)->([45,44,39,38,13,12,2,],[45,44,42,13,12,])=(30c000003004,340000003000)->: ([47,44,42,40,37,34,33,31,30,16,15,8,5,0,],[47,44,40,34,33,16,15,8,0,])=(9526c0018121,910600018101): Prob: 8
([],[5,4,])=(0,30): ->([8,7,],[8,7,])=(180,180)->([47,46,11,10,3,2,0,],[11,10,3,2,])=(c00000000c0d,c0c)->([46,45,40,14,13,3,2,],[46,45,43,42,14,13,])=(61000000600c,6c0000006000)->: ([43,42,41,40,38,37,35,32,31,17,16,9,6,1,0,],[41,40,35,17,16,9,1,0,])=(f6980030243,30800030203): Prob: 9
([],[6,5,])=(0,60): ->([9,8,],[9,8,])=(300,300)->([12,11,4,1,0,],[12,11,4,])=(1813,1810)->([47,41,40,15,14,4,],[47,44,43,15,14,])=(83000000c010,98000000c000)->: ([44,42,41,39,36,33,18,17,10,7,2,],[42,41,36,18,17,10,2,])=(169200060484,61000060404): Prob: 8
([],[7,6,])=(0,c0): ->([10,9,],[10,9,])=(600,600)->([13,12,5,2,],[13,12,5,])=(3024,3020)->([47,42,41,16,15,5,0,],[47,45,16,15,0,])=(860000018021,a00000018001)->: ([45,44,43,40,37,34,19,18,11,8,3,2,],[43,37,19,18,11,3,2,])=(3924000c090c,820000c080c): Prob: 8
([],[8,7,])=(0,180): ->([11,10,],[11,10,])=(c00,c00)->([14,13,6,5,],[14,13,6,5,3,])=(6060,6068)->([46,17,16,8,1,],[17,16,8,6,1,])=(400000030102,30142)->: ([44,43,38,37,20,19,12,11,4,3,0,],[44,43,41,20,19,12,11,9,4,3,])=(186000181819,1a0000181a18): Prob: 8
([],[9,8,])=(0,300): ->([12,11,],[12,11,])=(1800,1800)->([15,14,7,6,4,3,],[15,14,7,6,])=(c0d8,c0c0)->([44,18,17,7,6,2,],[47,18,17,2,])=(1000000600c4,800000060004)->: ([47,45,42,41,39,38,36,21,20,13,10,5,],[45,39,38,21,20,13,5,])=(a6d000302420,20c000302020): Prob: 8
([],[10,9,])=(0,600): ->([13,12,],[13,12,])=(3000,3000)->([16,15,8,5,],[16,15,8,])=(18120,18100)->([45,44,19,18,8,3,],[19,18,3,0,])=(3000000c0108,c0009)->: ([46,43,42,40,37,22,21,14,11,6,0,],[46,40,22,21,14,6,])=(4d2000604841,410000604040): Prob: 6
([],[11,10,])=(0,c00): ->([14,13,],[14,13,])=(6000,6000)->([17,16,9,8,],[17,16,9,8,6,])=(30300,30340)->([20,19,8,4,1,],[20,19,9,4,])=(180112,180210)->: ([47,41,23,22,15,7,3,0,],[47,44,43,23,22,15,12,7,3,])=(820000c08089,980000c09088): Prob: 8
([],[12,11,])=(0,1800): ->([15,14,],[15,14,])=(c000,c000)->([18,17,10,7,],[18,17,10,])=(60480,60400)->([47,21,20,10,5,],[21,20,5,2,1,])=(800000300420,300026)->: ([45,44,42,41,39,24,23,16,13,8,4,2,1,0,],[42,41,24,23,16,8,4,0,])=(368001812117,60001810111): Prob: 8
([],[13,12,])=(0,3000): ->([16,15,],[16,15,])=(18000,18000)->([19,18,11,8,],[19,18,11,])=(c0900,c0800)->([22,21,11,6,5,0,],[22,21,6,5,3,])=(600861,600068)->: ([46,43,40,39,25,24,17,14,9,8,3,2,1,],[43,25,24,17,9,8,1,])=(49800302430e,80003020302): Prob: 7
([],[14,13,])=(0,6000): ->([17,16,],[17,16,])=(30000,30000)->([20,19,12,11,9,8,],[20,19,12,11,])=(181b00,181800)->([23,22,12,11,7,1,0,],[23,22,7,4,])=(c01883,c00090)->: ([47,44,41,26,25,18,15,10,4,2,1,],[44,26,25,18,10,2,1,])=(920006048416,100006040406): Prob: 8
([],[15,14,])=(0,c000): ->([18,17,],[18,17,])=(60000,60000)->([21,20,13,12,10,9,],[21,20,13,12,])=(303600,303000)->([24,23,13,12,8,2,],[24,23,8,5,])=(1803104,1800120)->: ([45,42,41,27,26,19,16,11,5,3,0,],[45,27,26,19,11,3,])=(26000c090829,20000c080808): Prob: 7
([],[16,15,])=(0,18000): ->([19,18,],[19,18,])=(c0000,c0000)->([22,21,14,13,11,10,],[22,21,14,13,])=(606c00,606000)->([25,24,14,13,9,3,],[25,24,9,6,])=(3006208,3000240)->: ([46,43,42,28,27,20,17,12,6,4,1,],[46,28,27,20,12,4,])=(4c0018121052,400018101010): Prob: 8
([],[17,16,])=(0,30000): ->([20,19,],[20,19,])=(180000,180000)->([23,22,15,14,12,11,],[23,22,15,14,])=(c0d800,c0c000)->([26,25,15,14,10,4,],[26,25,10,7,])=(600c410,6000480)->: ([47,44,43,29,28,21,18,13,7,5,2,1,],[47,29,28,21,13,5,])=(9800302420a6,800030202020): Prob: 8
([],[18,17,])=(0,60000): ->([21,20,],[21,20,])=(300000,300000)->([24,23,16,13,],[24,23,16,])=(1812000,1810000)->([27,26,16,11,5,],[27,26,11,8,7,])=(c010820,c000980)->: ([45,44,30,29,22,19,14,8,6,5,3,0,],[30,29,22,14,6,5,0,])=(300060484169,60404061): Prob: 8
([],[19,18,])=(0,c0000): ->([22,21,],[22,21,])=(600000,600000)->([25,24,17,14,],[25,24,17,])=(3024000,3020000)->([28,27,17,12,6,],[28,27,12,9,8,])=(18021040,18001300)->: ([46,45,31,30,23,20,15,9,7,4,3,1,],[31,30,23,15,7,1,])=(6000c090829a,c0808082): Prob: 8
([],[20,19,])=(0,180000): ->([23,22,],[23,22,])=(c00000,c00000)->([26,25,18,17,15,14,],[26,25,18,17,])=(606c000,6060000)->([29,28,18,17,13,7,],[29,28,13,10,])=(30062080,30002400)->: ([47,46,32,31,24,21,16,10,8,5,4,2,],[32,31,24,16,8,2,])=(c00181210534,181010104): Prob: 8
([],[21,20,])=(0,300000): ->([24,23,],[24,23,])=(1800000,1800000)->([27,26,19,16,],[27,26,19,])=(c090000,c080000)->([30,29,19,14,8,],[30,29,14,11,10,])=(60084100,60004c00)->: ([33,32,25,22,17,11,9,6,5,3,0,],[33,32,25,17,9,3,])=(302420a69,302020208): Prob: 7
([],[22,21,])=(0,600000): ->([25,24,],[25,24,])=(3000000,3000000)->([28,27,20,17,],[28,27,20,])=(18120000,18100000)->([31,30,20,15,14,9,8,],[31,30,15,14,12,])=(c010c300,c000d000)->: ([34,33,26,23,18,17,12,11,10,7,4,1,],[34,33,26,18,17,10,4,])=(604861c92,604060410): Prob: 8
([],[23,22,])=(0,c00000): ->([26,25,],[26,25,])=(6000000,6000000)->([29,28,21,18,],[29,28,21,])=(30240000,30200000)->([32,31,21,16,10,],[32,31,16,13,12,])=(180210400,180013000)->: ([35,34,27,24,19,15,13,12,11,10,8,5,2,1,],[35,34,27,19,15,11,10,5,])=(c0908bd26,c08088c20): Prob: 8
([],[24,23,])=(0,1800000): ->([27,26,],[27,26,])=(c000000,c000000)->([30,29,22,19,],[30,29,22,])=(60480000,60400000)->([33,32,22,17,16,11,10,],[33,32,17,16,14,])=(300430c00,300034000)->: ([36,35,28,25,20,19,16,14,12,11,9,8,6,3,],[36,35,28,20,19,16,12,11,6,])=(1812195b48,1810191840): Prob: 8
([],[25,24,])=(0,3000000): ->([28,27,],[28,27,])=(18000000,18000000)->([31,30,23,20,],[31,30,23,])=(c0900000,c0800000)->([34,33,23,18,12,],[34,33,18,15,14,])=(600841000,60004c000)->: ([37,36,29,26,21,15,13,10,9,7,4,3,],[37,36,29,21,13,7,])=(302420a698,3020202080): Prob: 8
([],[26,25,])=(0,6000000): ->([29,28,],[29,28,])=(30000000,30000000)->([32,31,24,23,21,20,],[32,31,24,23,])=(181b00000,181800000)->([35,34,24,23,19,13,],[35,34,19,16,])=(c01882000,c00090000)->: ([38,37,30,27,22,16,14,11,10,8,5,4,],[38,37,30,22,14,8,])=(6048414d30,6040404100): Prob: 8
([],[27,26,])=(0,c000000): ->([30,29,],[30,29,])=(60000000,60000000)->([33,32,25,24,22,21,],[33,32,25,24,])=(303600000,303000000)->([36,35,25,24,20,14,],[36,35,20,17,])=(1803104000,1800120000)->: ([39,38,31,28,23,17,15,14,12,9,6,5,],[39,38,31,23,15,14,9,])=(c09082d260,c08080c200): Prob: 8
([],[28,27,])=(0,18000000): ->([31,30,],[31,30,])=(c0000000,c0000000)->([34,33,26,25,23,22,],[34,33,26,25,])=(606c00000,606000000)->([37,36,26,25,21,15,],[37,36,21,18,])=(3006208000,3000240000)->: ([40,39,32,29,24,18,16,13,12,10,9,7,],[40,39,32,24,16,10,9,])=(18121053680,18101010600): Prob: 8
([],[29,28,])=(0,30000000): ->([32,31,],[32,31,])=(180000000,180000000)->([35,34,27,24,],[35,34,27,])=(c09000000,c08000000)->([38,37,27,22,21,16,15,],[38,37,22,21,19,])=(6008618000,6000680000)->: ([41,40,33,30,25,24,19,18,17,14,11,8,],[41,40,33,25,24,17,11,])=(302430e4900,30203020800): Prob: 8
([],[30,29,])=(0,60000000): ->([33,32,],[33,32,])=(300000000,300000000)->([36,35,28,27,25,24,],[36,35,28,27,])=(181b000000,1818000000)->([39,38,28,27,23,17,],[39,38,23,20,])=(c018820000,c000900000)->: ([42,41,34,31,26,20,18,17,15,12,9,8,],[42,41,34,26,18,17,12,])=(60484169300,60404061000): Prob: 8
([],[31,30,])=(0,c0000000): ->([34,33,],[34,33,])=(600000000,600000000)->([37,36,29,28,26,25,],[37,36,29,28,])=(3036000000,3030000000)->([40,39,29,28,24,18,],[40,39,24,21,])=(18031040000,18001200000)->: ([43,42,35,32,27,21,19,16,15,13,10,9,],[43,42,35,27,19,13,])=(c090829a600,c0808082000): Prob: 8
([],[32,31,])=(0,180000000): ->([35,34,],[35,34,])=(c00000000,c00000000)->([38,37,30,29,27,26,],[38,37,30,29,])=(606c000000,6060000000)->([41,40,30,29,25,19,],[41,40,25,22,])=(30062080000,30002400000)->: ([44,43,36,33,28,22,20,19,17,14,11,10,],[44,43,36,28,20,19,14,])=(1812105a4c00,181010184000): Prob: 8
([],[33,32,])=(0,300000000): ->([36,35,],[36,35,])=(1800000000,1800000000)->([39,38,31,30,28,27,],[39,38,31,30,])=(c0d8000000,c0c0000000)->([42,41,31,30,26,20,],[42,41,26,23,])=(600c4100000,60004800000)->: ([45,44,37,34,29,25,23,22,21,20,18,15,14,12,],[45,44,37,29,25,21,20,15,14,])=(302422f4d000,30202230c000): Prob: 8
([],[34,33,])=(0,600000000): ->([37,36,],[37,36,])=(3000000000,3000000000)->([40,39,32,31,29,28,],[40,39,32,31,])=(181b0000000,18180000000)->([43,42,32,31,27,21,],[43,42,27,24,])=(c0188200000,c0009000000)->: ([46,45,38,35,30,24,22,19,18,16,13,12,],[46,45,38,30,22,16,])=(6048414d3000,604040410000): Prob: 8
([],[35,34,])=(0,c00000000): ->([38,37,],[38,37,])=(6000000000,6000000000)->([41,40,33,30,],[41,40,33,])=(30240000000,30200000000)->([44,43,33,28,22,],[44,43,28,25,24,])=(180210400000,180013000000)->: ([47,46,39,36,31,25,23,20,19,17,14,13,],[47,46,39,31,23,17,])=(c090829a6000,c08080820000): Prob: 8
([],[36,35,])=(0,1800000000): ->([39,38,],[39,38,])=(c000000000,c000000000)->([42,41,34,31,],[42,41,34,])=(60480000000,60400000000)->([45,44,34,29,28,23,22,],[45,44,29,28,26,])=(300430c00000,300034000000)->: ([47,40,37,32,31,28,26,24,21,18,15,0,],[47,40,32,31,28,24,18,0,])=(812195248001,810191040001): Prob: 8
([],[37,36,])=(0,3000000000): ->([40,39,],[40,39,])=(18000000000,18000000000)->([43,42,35,34,32,31,],[43,42,35,34,])=(c0d80000000,c0c00000000)->([46,45,35,34,30,24,],[46,45,30,27,])=(600c41000000,600048000000)->: ([41,38,33,27,25,22,21,19,16,15,1,0,],[41,33,25,19,1,0,])=(2420a698003,20202080003): Prob: 8
([],[38,37,])=(0,6000000000): ->([41,40,],[41,40,])=(30000000000,30000000000)->([44,43,36,35,33,32,],[44,43,36,35,])=(181b00000000,181800000000)->([47,46,36,35,31,25,],[47,46,31,28,])=(c01882000000,c00090000000)->: ([42,39,34,28,26,23,22,20,17,16,2,1,],[42,34,26,20,2,1,])=(48414d30006,40404100006): Prob: 8
([],[39,38,])=(0,c000000000): ->([42,41,],[42,41,])=(60000000000,60000000000)->([45,44,37,36,34,33,],[45,44,37,36,])=(303600000000,303000000000)->([47,37,36,32,26,0,],[47,32,29,0,])=(803104000001,800120000001)->: ([43,40,35,29,27,24,23,21,20,18,3,2,],[43,35,27,21,20,3,2,])=(90829b4000c,8080830000c): Prob: 8
([],[40,39,])=(0,18000000000): ->([43,42,],[43,42,])=(c0000000000,c0000000000)->([46,45,38,35,],[46,45,38,])=(604800000000,604000000000)->([38,33,32,27,26,1,0,],[33,32,30,1,0,])=(430c000003,340000003)->: ([44,41,36,35,32,30,28,25,22,19,4,3,],[44,36,35,32,28,22,4,3,])=(121952480018,101910400018): Prob: 8
([],[41,40,])=(0,30000000000): ->([44,43,],[44,43,])=(180000000000,180000000000)->([47,46,39,38,36,35,],[47,46,39,38,])=(c0d800000000,c0c000000000)->([39,38,34,28,2,1,],[34,31,2,1,])=(c410000006,480000006)->: ([45,42,37,31,29,26,25,23,20,19,5,4,],[45,37,29,23,5,4,])=(2420a6980030,202020800030): Prob: 8
([],[42,41,])=(0,60000000000): ->([45,44,],[45,44,])=(300000000000,300000000000)->([47,40,39,37,36,0,],[47,40,39,0,])=(81b000000001,818000000001)->([40,39,35,29,3,2,],[35,32,3,2,])=(1882000000c,90000000c)->: ([46,43,38,32,30,27,26,24,21,20,6,5,],[46,38,30,24,6,5,])=(48414d300060,404041000060): Prob: 8
([],[43,42,])=(0,c0000000000): ->([46,45,],[46,45,])=(600000000000,600000000000)->([41,40,38,37,1,0,],[41,40,1,0,])=(36000000003,30000000003)->([41,40,36,30,4,3,],[36,33,4,3,])=(31040000018,1200000018)->: ([47,44,39,33,31,28,27,25,22,21,7,6,],[47,39,31,25,7,6,])=(90829a6000c0,8080820000c0): Prob: 8
([],[44,43,])=(0,180000000000): ->([47,46,],[47,46,])=(c00000000000,c00000000000)->([42,41,39,38,2,1,],[42,41,2,1,])=(6c000000006,60000000006)->([42,41,37,31,5,4,],[37,34,5,4,])=(62080000030,2400000030)->: ([45,40,34,32,29,28,26,23,22,8,7,0,],[40,32,26,8,7,0,])=(210534c00181,10104000181): Prob: 8
([],[45,44,])=(0,300000000000): ->([47,0,],[47,0,])=(800000000001,800000000001)->([43,42,40,39,3,2,],[43,42,3,2,])=(d800000000c,c000000000c)->([43,42,38,32,6,5,],[38,35,6,5,])=(c4100000060,4800000060)->: ([46,41,35,33,30,29,27,24,23,9,8,1,],[41,33,27,9,8,1,])=(420a69800302,20208000302): Prob: 8
([],[46,45,])=(0,600000000000): ->([1,0,],[1,0,])=(3,3)->([44,41,4,3,],[44,4,3,])=(120000000018,100000000018)->([44,39,38,33,32,7,6,],[39,38,36,7,6,])=(10c3000000c0,d0000000c0)->: ([47,42,41,36,35,34,31,28,25,10,9,2,],[42,41,34,28,10,9,2,])=(861c92000604,60410000604): Prob: 8
([],[47,46,])=(0,c00000000000): ->([2,1,],[2,1,])=(6,6)->([45,42,5,4,],[45,5,4,])=(240000000030,200000000030)->([45,40,39,34,33,8,7,],[40,39,37,8,7,])=(218600000180,1a000000180)->: ([47,46,43,42,37,36,35,32,29,26,11,10,3,2,0,],[43,42,35,29,11,10,3,2,])=(cc3924000c0d,c0820000c0c): Prob: 8