Optimal Solution found!
(1,0)=([0,],[]): ->([8,5,],[45,])->([16,10,2,],[42,5,2,])->([47,24,21,18,15,],[39,13,7,2,])->:([44,32,20,18,12,4,],[47,44,36,21,18,15,12,10,4,])=(100100141010,901000249410): Prob: 21
Optimal Solution found!
(2,0)=([1,],[]): ->([9,6,],[46,])->([17,11,3,],[43,6,3,])->([25,22,19,16,0,],[40,14,8,3,])->:([45,33,21,19,13,5,],[45,37,22,19,16,13,11,5,0,])=(200200282020,202000492821): Prob: 22
Optimal Solution found!
(4,0)=([2,],[]): ->([10,7,],[47,])->([18,12,4,],[44,7,4,])->([26,23,20,17,1,],[41,15,9,4,])->:([46,34,22,20,14,6,],[46,38,23,20,17,14,12,6,1,])=(400400504040,404000925042): Prob: 21
Optimal Solution found!
(8,0)=([3,],[]): ->([11,8,],[0,])->([19,13,5,],[45,8,5,])->([27,24,21,18,2,],[42,16,10,5,])->:([47,35,23,21,15,7,],[47,39,24,21,18,15,13,7,2,])=(800800a08080,80800124a084): Prob: 21
Optimal Solution found!
(10,0)=([4,],[]): ->([12,9,],[1,])->([20,14,6,],[46,9,6,])->([28,25,22,19,3,],[43,17,11,6,])->:([36,24,22,16,8,0,],[40,25,22,19,16,14,8,3,0,])=(1001410101,10002494109): Prob: 22
Optimal Solution found!
(20,0)=([5,],[]): ->([13,10,],[2,])->([21,15,7,],[47,10,7,])->([29,26,23,20,4,],[44,18,12,7,])->:([37,25,23,17,9,1,],[41,26,23,20,17,15,9,4,1,])=(2002820202,20004928212): Prob: 21
Optimal Solution found!
(40,0)=([6,],[]): ->([14,11,],[3,])->([22,16,8,],[11,8,0,])->([30,27,24,21,5,],[45,19,13,8,])->:([38,26,24,18,10,2,],[42,27,24,21,18,16,10,5,2,])=(4005040404,40009250424): Prob: 22
Optimal Solution found!
(80,0)=([7,],[]): ->([15,12,],[4,])->([23,17,9,],[12,9,1,])->([31,28,25,22,6,],[46,20,14,9,])->:([39,27,25,19,11,3,],[43,28,25,22,19,17,11,6,3,])=(800a080808,800124a0848): Prob: 22
Optimal Solution found!
(100,0)=([8,],[]): ->([16,13,],[5,])->([24,18,10,],[13,10,2,])->([32,29,26,23,7,],[47,21,15,10,])->:([40,28,26,20,12,4,],[44,29,26,23,20,18,12,7,4,])=(10014101010,100024941090): Prob: 21
Optimal Solution found!
(200,0)=([9,],[]): ->([17,14,],[6,])->([25,19,11,],[14,11,3,])->([33,30,27,24,8,],[22,16,11,0,])->:([41,29,27,21,13,5,],[45,30,27,24,21,19,13,8,5,])=(20028202020,200049282120): Prob: 22
Optimal Solution found!
(400,0)=([10,],[]): ->([18,15,],[7,])->([26,20,12,],[15,12,4,])->([34,31,28,25,9,],[23,17,12,1,])->:([42,30,28,22,14,6,],[46,31,28,25,22,20,14,9,6,])=(40050404040,400092504240): Prob: 22
Optimal Solution found!
(800,0)=([11,],[]): ->([19,16,],[8,])->([27,21,13,],[16,13,5,])->([35,32,29,26,10,],[24,18,13,2,])->:([43,31,29,23,15,7,],[47,32,29,26,23,21,15,10,7,])=(800a0808080,800124a08480): Prob: 21
Optimal Solution found!
(1000,0)=([12,],[]): ->([20,17,],[9,])->([28,22,14,],[17,14,6,])->([36,33,30,27,11,],[25,19,14,3,])->:([44,32,30,24,16,8,],[33,30,27,24,22,16,11,8,0,])=(100141010100,249410901): Prob: 22
Optimal Solution found!
(2000,0)=([13,],[]): ->([21,18,],[10,])->([29,23,15,],[18,15,7,])->([37,34,31,28,12,],[26,20,15,4,])->:([45,33,31,25,17,9,],[34,31,28,25,23,17,12,9,1,])=(200282020200,492821202): Prob: 22
Optimal Solution found!
(4000,0)=([14,],[]): ->([22,19,],[11,])->([30,24,16,],[19,16,8,])->([38,35,32,29,13,],[27,21,16,5,])->:([46,34,32,26,18,10,],[35,32,29,26,24,18,13,10,2,])=(400504040400,925042404): Prob: 22
Optimal Solution found!
(8000,0)=([15,],[]): ->([23,20,],[12,])->([31,25,17,],[20,17,9,])->([39,36,33,30,14,],[28,22,17,6,])->:([47,35,33,27,19,11,],[36,33,30,27,25,19,14,11,3,])=(800a08080800,124a084808): Prob: 22
Optimal Solution found!
(10000,0)=([16,],[]): ->([24,21,],[13,])->([32,26,18,],[21,18,10,])->([40,37,34,31,15,],[29,23,18,7,])->:([36,34,28,20,12,0,],[37,34,31,28,26,20,15,12,4,])=(1410101001,2494109010): Prob: 22
Optimal Solution found!
(20000,0)=([17,],[]): ->([25,22,],[14,])->([33,27,19,],[22,19,11,])->([41,38,35,32,16,],[30,24,19,8,])->:([37,35,29,21,13,1,],[38,35,32,29,27,21,16,13,5,])=(2820202002,4928212020): Prob: 22
Optimal Solution found!
(40000,0)=([18,],[]): ->([26,23,],[15,])->([34,28,20,],[23,20,12,])->([42,39,36,33,17,],[31,25,20,9,])->:([38,36,30,22,14,2,],[39,36,33,30,28,22,17,14,6,])=(5040404004,9250424040): Prob: 22
Optimal Solution found!
(80000,0)=([19,],[]): ->([27,24,],[16,])->([35,29,21,],[24,21,13,])->([43,40,37,34,18,],[32,26,21,10,])->:([39,37,31,23,15,3,],[40,37,34,31,29,23,18,15,7,])=(a080808008,124a0848080): Prob: 22
Optimal Solution found!
(100000,0)=([20,],[]): ->([28,25,],[17,])->([36,30,22,],[25,22,14,])->([44,41,38,35,19,],[33,27,22,11,])->:([40,38,32,24,16,4,],[41,38,35,32,30,24,19,16,8,])=(14101010010,24941090100): Prob: 22
Optimal Solution found!
(200000,0)=([21,],[]): ->([29,26,],[18,])->([37,31,23,],[26,23,15,])->([45,42,39,36,20,],[34,28,23,12,])->:([41,39,33,25,17,5,],[42,39,36,33,31,25,20,17,9,])=(28202020020,49282120200): Prob: 22
Optimal Solution found!
(400000,0)=([22,],[]): ->([30,27,],[19,])->([38,32,24,],[27,24,16,])->([46,43,40,37,21,],[35,29,24,13,])->:([42,40,34,26,18,6,],[43,40,37,34,32,26,21,18,10,])=(50404040040,92504240400): Prob: 22
Optimal Solution found!
(800000,0)=([23,],[]): ->([31,28,],[20,])->([39,33,25,],[28,25,17,])->([47,44,41,38,22,],[36,30,25,14,])->:([43,41,35,27,19,7,],[44,41,38,35,33,27,22,19,11,])=(a0808080080,124a08480800): Prob: 21
Optimal Solution found!
(1000000,0)=([24,],[]): ->([32,29,],[21,])->([40,34,26,],[29,26,18,])->([45,42,39,23,0,],[37,31,26,15,])->:([44,42,36,28,20,8,],[45,42,39,36,34,28,23,20,12,])=(141010100100,249410901000): Prob: 22
Optimal Solution found!
(2000000,0)=([25,],[]): ->([33,30,],[22,])->([41,35,27,],[30,27,19,])->([46,43,40,24,1,],[38,32,27,16,])->:([45,43,37,29,21,9,],[46,43,40,37,35,29,24,21,13,])=(282020200200,492821202000): Prob: 22
Optimal Solution found!
(4000000,0)=([26,],[]): ->([34,31,],[23,])->([42,36,28,],[31,28,20,])->([47,44,41,25,2,],[39,33,28,17,])->:([46,44,38,30,22,10,],[47,44,41,38,36,30,25,22,14,])=(504040400400,925042404000): Prob: 21
Optimal Solution found!
(8000000,0)=([27,],[]): ->([35,32,],[24,])->([43,37,29,],[32,29,21,])->([45,42,26,3,0,],[40,34,29,18,])->:([47,45,39,31,23,11,],[45,42,39,37,31,26,23,15,0,])=(a08080800800,24a084808001): Prob: 22
Optimal Solution found!
(10000000,0)=([28,],[]): ->([36,33,],[25,])->([44,38,30,],[33,30,22,])->([46,43,27,4,1,],[41,35,30,19,])->:([46,40,32,24,12,0,],[46,43,40,38,32,27,24,16,1,])=(410101001001,494109010002): Prob: 22
Optimal Solution found!
(20000000,0)=([29,],[]): ->([37,34,],[26,])->([45,39,31,],[34,31,23,])->([47,44,28,5,2,],[42,36,31,20,])->:([47,41,33,25,13,1,],[47,44,41,39,33,28,25,17,2,])=(820202002002,928212020004): Prob: 21
Optimal Solution found!
(40000000,0)=([30,],[]): ->([38,35,],[27,])->([46,40,32,],[35,32,24,])->([45,29,6,3,0,],[43,37,32,21,])->:([42,34,26,14,2,0,],[45,42,40,34,29,26,18,3,0,])=(40404004005,250424040009): Prob: 22
Optimal Solution found!
(80000000,0)=([31,],[]): ->([39,36,],[28,])->([47,41,33,],[36,33,25,])->([46,30,7,4,1,],[44,38,33,22,])->:([43,35,27,15,7,3,1,],[46,43,41,35,30,27,19,4,1,])=(8080800808a,4a0848080012): Prob: 21
Optimal Solution found!
(100000000,0)=([32,],[]): ->([40,37,],[29,])->([42,34,0,],[37,34,26,])->([47,31,8,5,2,],[45,39,34,23,])->:([44,36,28,16,4,2,],[47,44,42,36,31,28,20,5,2,])=(101010010014,941090100024): Prob: 21
Optimal Solution found!
(200000000,0)=([33,],[]): ->([41,38,],[30,])->([43,35,1,],[38,35,27,])->([32,9,6,3,0,],[46,40,35,24,])->:([45,37,29,17,5,3,],[45,43,37,32,29,21,6,3,0,])=(202020020028,282120200049): Prob: 22
Optimal Solution found!
(400000000,0)=([34,],[]): ->([42,39,],[31,])->([44,36,2,],[39,36,28,])->([33,10,7,4,1,],[47,41,36,25,])->:([46,38,30,18,6,4,],[46,44,38,33,30,22,7,4,1,])=(404040040050,504240400092): Prob: 21
Optimal Solution found!
(800000000,0)=([35,],[]): ->([43,40,],[32,])->([45,37,3,],[40,37,29,])->([34,11,8,5,2,],[42,37,26,0,])->:([47,39,31,19,7,5,],[47,45,39,34,31,23,8,5,2,])=(8080800800a0,a08480800124): Prob: 21
Optimal Solution found!
(1000000000,0)=([36,],[]): ->([44,41,],[33,])->([46,38,4,],[41,38,30,])->([35,12,9,6,3,],[43,38,27,1,])->:([40,32,20,8,7,6,0,],[46,40,35,32,24,9,6,3,0,])=(101001001c1,410901000249): Prob: 22
Optimal Solution found!
(2000000000,0)=([37,],[]): ->([45,42,],[34,])->([47,39,5,],[42,39,31,])->([36,13,10,7,4,],[44,39,28,2,])->:([41,33,21,9,7,1,],[47,41,36,33,25,10,7,4,1,])=(20200200282,821202000492): Prob: 20
Optimal Solution found!
(4000000000,0)=([38,],[]): ->([46,43,],[35,])->([40,6,0,],[43,40,32,])->([37,14,11,8,5,],[45,40,29,3,])->:([42,34,22,10,8,2,],[42,37,34,26,11,8,5,2,0,])=(40400400504,42404000925): Prob: 22
Optimal Solution found!
(8000000000,0)=([39,],[]): ->([47,44,],[36,])->([41,7,1,],[44,41,33,])->([38,15,12,9,6,],[46,41,30,4,])->:([43,35,23,11,9,3,],[43,38,35,27,12,9,6,3,1,])=(80800800a08,8480800124a): Prob: 21
Optimal Solution found!
(10000000000,0)=([40,],[]): ->([45,0,],[37,])->([42,8,2,],[45,42,34,])->([39,16,13,10,7,],[47,42,31,5,])->:([44,36,24,12,10,4,],[44,39,36,28,13,10,7,4,2,])=(101001001410,109010002494): Prob: 21
Optimal Solution found!
(20000000000,0)=([41,],[]): ->([46,1,],[38,])->([43,9,3,],[46,43,35,])->([40,17,14,11,8,],[43,32,6,0,])->:([45,37,25,13,11,5,],[45,40,37,29,14,11,8,5,3,])=(202002002820,212020004928): Prob: 22
Optimal Solution found!
(40000000000,0)=([42,],[]): ->([47,2,],[39,])->([44,10,4,],[47,44,36,])->([41,18,15,12,9,],[44,33,7,1,])->:([46,38,26,14,12,6,],[46,41,38,30,15,12,9,6,4,])=(404004005040,424040009250): Prob: 21
Optimal Solution found!
(80000000000,0)=([43,],[]): ->([3,0,],[40,])->([45,11,5,],[45,37,0,])->([42,19,16,13,10,],[45,34,8,2,])->:([47,39,27,15,13,7,],[47,42,39,31,16,13,10,7,5,])=(80800800a080,8480800124a0): Prob: 21
Optimal Solution found!
(100000000000,0)=([44,],[]): ->([4,1,],[41,])->([46,12,6,],[46,38,1,])->([43,20,17,14,11,],[46,35,9,3,])->:([40,28,16,14,8,0,],[43,40,32,17,14,11,8,6,0,])=(10010014101,90100024941): Prob: 22
Optimal Solution found!
(200000000000,0)=([45,],[]): ->([5,2,],[42,])->([47,13,7,],[47,39,2,])->([44,21,18,15,12,],[47,36,10,4,])->:([41,29,17,15,9,1,],[44,41,33,18,15,12,9,7,1,])=(20020028202,120200049282): Prob: 20
Optimal Solution found!
(400000000000,0)=([46,],[]): ->([6,3,],[43,])->([14,8,0,],[40,3,0,])->([45,22,19,16,13,],[37,11,5,0,])->:([42,30,18,16,10,2,],[45,42,34,19,16,13,10,8,2,])=(40040050404,240400092504): Prob: 22
Optimal Solution found!
(800000000000,0)=([47,],[]): ->([7,4,],[44,])->([15,9,1,],[41,4,1,])->([46,23,20,17,14,],[38,12,6,1,])->:([43,31,19,17,11,3,],[46,43,35,20,17,14,11,9,3,])=(800800a0808,480800124a08): Prob: 21
Optimal Solution found!
(0,1)=([],[0,]): ->([5,],[45,])->([13,10,2,],[42,2,])->([47,21,15,10,],[39,10,7,])->:([44,29,26,23,20,18,12,7,4,],[44,36,18,12,4,])=(100024941090,101000041010): Prob: 17
Optimal Solution found!
(0,2)=([],[1,]): ->([6,],[46,])->([14,11,3,],[43,3,])->([22,16,11,0,],[40,11,8,])->:([45,30,27,24,21,19,13,8,5,],[45,37,19,13,5,])=(200049282120,202000082020): Prob: 18
Optimal Solution found!
(0,4)=([],[2,]): ->([7,],[47,])->([15,12,4,],[44,4,])->([23,17,12,1,],[41,12,9,])->:([46,31,28,25,22,20,14,9,6,],[46,38,20,14,6,])=(400092504240,404000104040): Prob: 17
Optimal Solution found!
(0,8)=([],[3,]): ->([8,],[0,])->([16,13,5,],[45,5,])->([24,18,13,2,],[42,13,10,])->:([47,32,29,26,23,21,15,10,7,],[47,39,21,15,7,])=(800124a08480,808000208080): Prob: 17
Optimal Solution found!
(0,10)=([],[4,]): ->([9,],[1,])->([17,14,6,],[46,6,])->([25,19,14,3,],[43,14,11,])->:([33,30,27,24,22,16,11,8,0,],[40,22,16,8,0,])=(249410901,10000410101): Prob: 18
Optimal Solution found!
(0,20)=([],[5,]): ->([10,],[2,])->([18,15,7,],[47,7,])->([26,20,15,4,],[44,15,12,])->:([34,31,28,25,23,17,12,9,1,],[41,23,17,9,1,])=(492821202,20000820202): Prob: 17
Optimal Solution found!
(0,40)=([],[6,]): ->([11,],[3,])->([19,16,8,],[8,0,])->([27,21,16,5,],[45,16,13,])->:([35,32,29,26,24,18,13,10,2,],[42,24,18,10,2,])=(925042404,40001040404): Prob: 18
Optimal Solution found!
(0,80)=([],[7,]): ->([12,],[4,])->([20,17,9,],[9,1,])->([28,22,17,6,],[46,17,14,])->:([36,33,30,27,25,19,14,11,3,],[43,25,19,11,3,])=(124a084808,80002080808): Prob: 18
Optimal Solution found!
(0,100)=([],[8,]): ->([13,],[5,])->([21,18,10,],[10,2,])->([29,23,18,7,],[47,18,15,])->:([37,34,31,28,26,20,15,12,4,],[44,26,20,12,4,])=(2494109010,100004101010): Prob: 17
Optimal Solution found!
(0,200)=([],[9,]): ->([14,],[6,])->([22,19,11,],[11,3,])->([30,24,19,8,],[19,16,0,])->:([38,35,32,29,27,21,16,13,5,],[45,27,21,13,5,])=(4928212020,200008202020): Prob: 18
Optimal Solution found!
(0,400)=([],[10,]): ->([15,],[7,])->([23,20,12,],[12,4,])->([31,25,20,9,],[20,17,1,])->:([39,36,33,30,28,22,17,14,6,],[46,28,22,14,6,])=(9250424040,400010404040): Prob: 18
Optimal Solution found!
(0,800)=([],[11,]): ->([16,],[8,])->([24,21,13,],[13,5,])->([32,26,21,10,],[21,18,2,])->:([40,37,34,31,29,23,18,15,7,],[47,29,23,15,7,])=(124a0848080,800020808080): Prob: 17
Optimal Solution found!
(0,1000)=([],[12,]): ->([17,],[9,])->([25,22,14,],[14,6,])->([33,27,22,11,],[22,19,3,])->:([41,38,35,32,30,24,19,16,8,],[30,24,16,8,0,])=(24941090100,41010101): Prob: 18
Optimal Solution found!
(0,2000)=([],[13,]): ->([18,],[10,])->([26,23,15,],[15,7,])->([34,28,23,12,],[23,20,4,])->:([42,39,36,33,31,25,20,17,9,],[31,25,17,9,1,])=(49282120200,82020202): Prob: 18
Optimal Solution found!
(0,4000)=([],[14,]): ->([19,],[11,])->([27,24,16,],[16,8,])->([35,29,24,13,],[24,21,5,])->:([43,40,37,34,32,26,21,18,10,],[32,26,18,10,2,])=(92504240400,104040404): Prob: 18
Optimal Solution found!
(0,8000)=([],[15,]): ->([20,],[12,])->([28,25,17,],[17,9,])->([36,30,25,14,],[25,22,6,])->:([44,41,38,35,33,27,22,19,11,],[33,27,19,11,3,])=(124a08480800,208080808): Prob: 18
Optimal Solution found!
(0,10000)=([],[16,]): ->([21,],[13,])->([29,26,18,],[18,10,])->([37,31,26,15,],[26,23,7,])->:([45,42,39,36,34,28,23,20,12,],[34,28,20,12,4,])=(249410901000,410101010): Prob: 18
Optimal Solution found!
(0,20000)=([],[17,]): ->([22,],[14,])->([30,27,19,],[19,11,])->([38,32,27,16,],[27,24,8,])->:([46,43,40,37,35,29,24,21,13,],[35,29,21,13,5,])=(492821202000,820202020): Prob: 18
Optimal Solution found!
(0,40000)=([],[18,]): ->([23,],[15,])->([31,28,20,],[20,12,])->([39,33,28,17,],[28,25,9,])->:([47,44,41,38,36,30,25,22,14,],[36,30,22,14,6,])=(925042404000,1040404040): Prob: 18
Optimal Solution found!
(0,80000)=([],[19,]): ->([24,],[16,])->([32,29,21,],[21,13,])->([40,34,29,18,],[29,26,10,])->:([45,42,39,37,31,26,23,15,0,],[37,31,23,15,7,])=(24a084808001,2080808080): Prob: 18
Optimal Solution found!
(0,100000)=([],[20,]): ->([25,],[17,])->([33,30,22,],[22,14,])->([41,35,30,19,],[30,27,11,])->:([46,43,40,38,32,27,24,16,1,],[38,32,24,16,8,])=(494109010002,4101010100): Prob: 18
Optimal Solution found!
(0,200000)=([],[21,]): ->([26,],[18,])->([34,31,23,],[23,15,])->([42,36,31,20,],[31,28,12,])->:([47,44,41,39,33,28,25,17,2,],[39,33,25,17,9,])=(928212020004,8202020200): Prob: 18
Optimal Solution found!
(0,400000)=([],[22,]): ->([27,],[19,])->([35,32,24,],[24,16,])->([43,37,32,21,],[32,29,13,])->:([45,42,40,34,29,26,18,3,0,],[40,34,26,18,10,])=(250424040009,10404040400): Prob: 18
Optimal Solution found!
(0,800000)=([],[23,]): ->([28,],[20,])->([36,33,25,],[25,17,])->([44,38,33,22,],[33,30,14,])->:([46,43,41,35,30,27,19,4,1,],[41,35,27,19,11,])=(4a0848080012,20808080800): Prob: 18
Optimal Solution found!
(0,1000000)=([],[24,]): ->([29,],[21,])->([37,34,26,],[26,18,])->([45,39,34,23,],[34,31,15,])->:([47,44,42,36,31,28,20,5,2,],[42,36,28,20,12,])=(941090100024,41010101000): Prob: 18
Optimal Solution found!
(0,2000000)=([],[25,]): ->([30,],[22,])->([38,35,27,],[27,19,])->([46,40,35,24,],[35,32,16,])->:([45,43,37,32,29,21,6,3,0,],[43,37,29,21,13,])=(282120200049,82020202000): Prob: 18
Optimal Solution found!
(0,4000000)=([],[26,]): ->([31,],[23,])->([39,36,28,],[28,20,])->([47,41,36,25,],[36,33,17,])->:([46,44,38,33,30,22,7,4,1,],[44,38,30,22,14,])=(504240400092,104040404000): Prob: 17
Optimal Solution found!
(0,8000000)=([],[27,]): ->([32,],[24,])->([40,37,29,],[29,21,])->([42,37,26,0,],[37,34,18,])->:([47,45,39,34,31,23,8,5,2,],[45,39,31,23,15,])=(a08480800124,208080808000): Prob: 18
Optimal Solution found!
(0,10000000)=([],[28,]): ->([33,],[25,])->([41,38,30,],[30,22,])->([43,38,27,1,],[38,35,19,])->:([46,40,35,32,24,9,6,3,0,],[46,40,32,24,16,])=(410901000249,410101010000): Prob: 18
Optimal Solution found!
(0,20000000)=([],[29,]): ->([34,],[26,])->([42,39,31,],[31,23,])->([44,39,28,2,],[39,36,20,])->:([47,41,36,33,25,10,7,4,1,],[47,41,33,25,17,])=(821202000492,820202020000): Prob: 17
Optimal Solution found!
(0,40000000)=([],[30,]): ->([35,],[27,])->([43,40,32,],[32,24,])->([45,40,29,3,],[40,37,21,])->:([42,37,34,26,11,8,5,2,0,],[42,34,26,18,0,])=(42404000925,40404040001): Prob: 18
Optimal Solution found!
(0,80000000)=([],[31,]): ->([36,],[28,])->([44,41,33,],[33,25,])->([46,41,30,4,],[41,38,22,])->:([43,38,35,27,12,9,6,3,1,],[43,35,27,19,1,])=(8480800124a,80808080002): Prob: 18
Optimal Solution found!
(0,100000000)=([],[32,]): ->([37,],[29,])->([45,42,34,],[34,26,])->([47,42,31,5,],[42,39,23,])->:([44,39,36,28,13,10,7,4,2,],[44,36,28,20,2,])=(109010002494,101010100004): Prob: 17
Optimal Solution found!
(0,200000000)=([],[33,]): ->([38,],[30,])->([46,43,35,],[35,27,])->([43,32,6,0,],[43,40,24,])->:([45,40,37,29,14,11,8,5,3,],[45,37,29,21,3,])=(212020004928,202020200008): Prob: 18
Optimal Solution found!
(0,400000000)=([],[34,]): ->([39,],[31,])->([47,44,36,],[36,28,])->([44,33,7,1,],[44,41,25,])->:([46,41,38,30,15,12,9,6,4,],[46,38,30,22,4,])=(424040009250,404040400010): Prob: 17
Optimal Solution found!
(0,800000000)=([],[35,]): ->([40,],[32,])->([45,37,0,],[37,29,])->([45,34,8,2,],[45,42,26,])->:([47,42,39,31,16,13,10,7,5,],[47,39,31,23,5,])=(8480800124a0,808080800020): Prob: 17
Optimal Solution found!
(0,1000000000)=([],[36,]): ->([41,],[33,])->([46,38,1,],[38,30,])->([46,35,9,3,],[46,43,27,])->:([43,40,32,17,14,11,8,6,0,],[40,32,24,6,0,])=(90100024941,10101000041): Prob: 18
Optimal Solution found!
(0,2000000000)=([],[37,]): ->([42,],[34,])->([47,39,2,],[39,31,])->([47,36,10,4,],[47,44,28,])->:([44,41,33,18,15,12,9,7,1,],[41,33,25,7,1,])=(120200049282,20202000082): Prob: 16
Optimal Solution found!
(0,4000000000)=([],[38,]): ->([43,],[35,])->([40,3,0,],[40,32,])->([37,11,5,0,],[45,29,0,])->:([45,42,34,19,16,13,10,8,2,],[42,34,26,8,2,])=(240400092504,40404000104): Prob: 18
Optimal Solution found!
(0,8000000000)=([],[39,]): ->([44,],[36,])->([41,4,1,],[41,33,])->([38,12,6,1,],[46,30,1,])->:([46,43,35,20,17,14,11,9,3,],[43,35,27,9,3,])=(480800124a08,80808000208): Prob: 18
Optimal Solution found!
(0,10000000000)=([],[40,]): ->([45,],[37,])->([42,5,2,],[42,34,])->([39,13,7,2,],[47,31,2,])->:([47,44,36,21,18,15,12,10,4,],[44,36,28,10,4,])=(901000249410,101010000410): Prob: 17
Optimal Solution found!
(0,20000000000)=([],[41,]): ->([46,],[38,])->([43,6,3,],[43,35,])->([40,14,8,3,],[32,3,0,])->:([45,37,22,19,16,13,11,5,0,],[45,37,29,11,5,])=(202000492821,202020000820): Prob: 18
Optimal Solution found!
(0,40000000000)=([],[42,]): ->([47,],[39,])->([44,7,4,],[44,36,])->([41,15,9,4,],[33,4,1,])->:([46,38,23,20,17,14,12,6,1,],[46,38,30,12,6,])=(404000925042,404040001040): Prob: 17
Optimal Solution found!
(0,80000000000)=([],[43,]): ->([0,],[40,])->([45,8,5,],[45,37,])->([42,16,10,5,],[34,5,2,])->:([47,39,24,21,18,15,13,7,2,],[47,39,31,13,7,])=(80800124a084,808080002080): Prob: 17
Optimal Solution found!
(0,100000000000)=([],[44,]): ->([1,],[41,])->([46,9,6,],[46,38,])->([43,17,11,6,],[35,6,3,])->:([40,25,22,19,16,14,8,3,0,],[40,32,14,8,0,])=(10002494109,10100004101): Prob: 18
Optimal Solution found!
(0,200000000000)=([],[45,]): ->([2,],[42,])->([47,10,7,],[47,39,])->([44,18,12,7,],[36,7,4,])->:([41,26,23,20,17,15,9,4,1,],[41,33,15,9,1,])=(20004928212,20200008202): Prob: 16
Optimal Solution found!
(0,400000000000)=([],[46,]): ->([3,],[43,])->([11,8,0,],[40,0,])->([45,19,13,8,],[37,8,5,])->:([42,27,24,21,18,16,10,5,2,],[42,34,16,10,2,])=(40009250424,40400010404): Prob: 18
Optimal Solution found!
(0,800000000000)=([],[47,]): ->([4,],[44,])->([12,9,1,],[41,1,])->([46,20,14,9,],[38,9,6,])->:([43,28,25,22,19,17,11,6,3,],[43,35,17,11,3,])=(800124a0848,80800020808): Prob: 18