Threshold of the absolute correlation weight:  8
bit index: 0
strong unbalanced bits are 8(-8.33804)  12(-6.7434)  14(-7.30656)  15(-4.98377)  16(-6.34843)  19(-8.02717)  21(-6.80462)  22(-4.37645)  23(-3.06539)  24(-2.12147)  26(-9.51486)  27(-8.14705)  32(-7.56467)  35(-8.47651)  46(-9.85045)  48(-7.56304)  51(-9.88382)  54(-6.69843)  56(-7.47796)  59(-9.5364)  60(-5.74149)  61(-9.0852)  62(-6.51029)  63(-3.22575)  64(-4.16604)  67(-7.45368)  69(-5.15511)  70(-3.55683)  71(-2.53693)  72(-1.67925)  74(-9.34171)  75(-8.15543)  77(-9.67473)  78(-7.15127)  80(-5.29307)  83(-7.83123)  86(-8.21762)  91(-9.95743)  94(-8.15117)  
the number of strong unbalanced bit is 39
bit index: 1
strong unbalanced bits are 9(-8.16378)  12(-9.27335)  13(-7.30371)  15(-7.07082)  16(-5.00532)  17(-6.50425)  20(-6.92256)  22(-6.20674)  23(-4.46291)  24(-3.00533)  25(-1.956)  28(-7.59821)  31(-9.13471)  33(-6.76722)  36(-7.51353)  47(-9.22484)  49(-8.0931)  55(-5.94823)  57(-7.70637)  60(-8.38151)  61(-6.28662)  62(-9.19842)  63(-6.25313)  64(-3.21516)  65(-4.35709)  68(-6.32575)  70(-4.80181)  71(-3.69174)  72(-2.35191)  73(-1.54657)  76(-7.57935)  79(-7.09085)  80(-8.5259)  81(-4.44)  84(-7.02986)  87(-8.97157)  89(-9.43861)  92(-9.02843)  95(-7.77192)  
the number of strong unbalanced bit is 39
bit index: 2
strong unbalanced bits are 0(-7.68908)  10(-8.1731)  14(-7.25817)  16(-7.09541)  17(-5.13686)  18(-6.53517)  21(-7.34377)  23(-6.99802)  24(-4.52742)  25(-2.77583)  26(-1.88288)  29(-7.45635)  32(-9.68888)  34(-8.28424)  37(-8.4094)  48(-6.19797)  56(-6.56945)  58(-7.52654)  61(-9.41424)  62(-6.21257)  63(-9.10101)  64(-6.31512)  65(-3.32224)  66(-4.47026)  69(-6.74983)  71(-5.83361)  72(-3.51764)  73(-2.15484)  74(-1.51832)  77(-7.46936)  80(-6.86671)  82(-5.6775)  85(-7.70376)  88(-8.67324)  93(-8.76642)  
the number of strong unbalanced bit is 35
bit index: 3
strong unbalanced bits are 1(-7.30017)  11(-8.54673)  15(-6.89332)  17(-7.33286)  18(-5.27635)  19(-6.57978)  22(-7.21635)  24(-7.28114)  25(-4.11525)  26(-2.81232)  27(-1.932)  30(-7.91507)  33(-8.78219)  35(-7.19571)  38(-8.35311)  41(-9.31289)  49(-5.55717)  57(-6.46833)  59(-7.8809)  62(-9.94249)  63(-5.83772)  64(-9.01193)  65(-6.50721)  66(-3.48954)  67(-4.35345)  69(-9.726)  70(-6.6274)  72(-5.3989)  73(-3.01322)  74(-2.19072)  75(-1.47903)  78(-7.91236)  80(-9.13396)  81(-6.39624)  83(-4.58735)  86(-7.65548)  89(-7.33992)  94(-8.82896)  
the number of strong unbalanced bit is 38
bit index: 4
strong unbalanced bits are 2(-8.16956)  12(-8.16099)  15(-9.30599)  16(-6.87431)  18(-7.42739)  19(-5.12131)  20(-6.35955)  23(-7.43156)  25(-5.43291)  26(-3.80404)  27(-2.71566)  28(-1.89956)  31(-7.80576)  34(-9.05101)  36(-6.21048)  39(-9.10621)  42(-9.6738)  49(-8.13061)  50(-6.52698)  55(-9.91035)  58(-6.34925)  60(-7.5732)  63(-8.40193)  64(-5.85024)  65(-8.81367)  66(-6.65031)  67(-3.36217)  68(-4.11811)  71(-6.87226)  73(-3.99388)  74(-3.02874)  75(-2.11177)  76(-1.3806)  79(-7.78458)  81(-8.73249)  82(-6.14876)  83(-8.76283)  84(-3.95142)  87(-8.44043)  90(-7.50133)  95(-7.80247)  
the number of strong unbalanced bit is 41
bit index: 5
strong unbalanced bits are 3(-8.42262)  13(-8.59579)  16(-9.43489)  17(-7.16035)  19(-7.22404)  20(-5.01055)  21(-6.45035)  24(-6.89578)  26(-6.88109)  27(-4.64194)  28(-3.05564)  29(-1.94687)  32(-7.60965)  35(-9.25909)  37(-8.11557)  40(-8.51335)  48(-5.5693)  50(-9.41459)  51(-7.83714)  59(-7.55125)  61(-8.13558)  64(-8.4844)  65(-6.09589)  66(-9.52762)  67(-6.32205)  68(-3.19806)  69(-4.42359)  72(-6.31432)  74(-5.35443)  75(-3.6689)  76(-2.24415)  77(-1.48942)  80(-7.5401)  82(-9.40821)  83(-6.44016)  85(-5.26747)  88(-7.76006)  91(-9.03379)  
the number of strong unbalanced bit is 38
bit index: 6
strong unbalanced bits are 1(-9.27749)  4(-7.39366)  14(-8.36921)  18(-7.02283)  20(-7.14768)  21(-5.09057)  22(-6.61357)  25(-5.80945)  27(-7.32205)  28(-4.48951)  29(-2.71168)  30(-2.19541)  33(-6.74368)  36(-7.56676)  38(-8.11142)  41(-6.5751)  49(-5.63692)  52(-6.63807)  54(-9.5613)  60(-5.99858)  62(-7.72069)  65(-9.14031)  66(-5.98917)  67(-9.8503)  68(-6.42913)  69(-3.21375)  70(-4.36366)  73(-5.22549)  75(-5.43245)  76(-3.28962)  77(-2.06041)  78(-1.79051)  81(-6.7878)  83(-9.44969)  84(-5.84903)  86(-5.3402)  89(-5.89686)  92(-8.87922)  
the number of strong unbalanced bit is 38
bit index: 7
strong unbalanced bits are 4(-9.25894)  5(-7.3419)  15(-8.28729)  18(-9.53114)  19(-6.94659)  21(-7.19647)  22(-5.01805)  23(-6.532)  25(-8.79305)  26(-6.18336)  28(-7.43958)  29(-3.98243)  30(-3.20711)  31(-2.19743)  33(-9.5049)  34(-6.21785)  36(-9.37882)  37(-8.15988)  39(-8.06804)  41(-9.13155)  42(-6.73427)  45(-9.25429)  50(-6.04638)  52(-8.46197)  53(-6.37343)  55(-9.96827)  58(-9.88798)  61(-7.56968)  63(-7.45126)  66(-8.66316)  67(-5.86087)  68(-9.0588)  69(-6.31302)  70(-3.23855)  71(-4.26638)  73(-7.00422)  74(-5.62658)  76(-5.53622)  77(-2.95584)  78(-2.60226)  79(-1.84183)  81(-9.76356)  82(-6.17472)  84(-8.14606)  85(-6.08555)  87(-5.74075)  89(-8.34854)  90(-6.09232)  93(-7.83318)  
the number of strong unbalanced bit is 49
bit index: 8
strong unbalanced bits are 3(-9.89544)  16(-8.4834)  20(-6.80752)  22(-7.17322)  23(-5.10368)  24(-6.50207)  27(-7.03551)  29(-5.54693)  30(-4.61469)  31(-3.13458)  32(-2.17108)  35(-7.09938)  38(-9.77875)  40(-6.48393)  43(-9.43365)  48(-9.3153)  51(-7.63483)  54(-7.96662)  62(-7.43469)  64(-7.40331)  67(-9.43175)  68(-5.72306)  69(-9.42379)  70(-6.38268)  71(-3.27245)  72(-4.39183)  75(-6.46961)  77(-4.17)  78(-3.72748)  79(-2.583)  80(-1.79065)  83(-7.02182)  85(-9.68111)  86(-6.60403)  88(-4.45774)  91(-8.59548)  94(-8.96321)  
the number of strong unbalanced bit is 37
bit index: 9
strong unbalanced bits are 7(-9.41003)  17(-8.41928)  20(-9.48308)  21(-7.17548)  23(-7.14244)  24(-5.01367)  25(-6.42949)  28(-6.75654)  30(-6.90203)  31(-4.42527)  32(-3.08121)  33(-2.01705)  35(-9.32235)  36(-6.5055)  39(-9.66365)  41(-7.42817)  44(-9.02194)  52(-9.73796)  55(-7.56852)  63(-6.14068)  65(-7.47377)  68(-8.63427)  69(-6.14185)  70(-9.53938)  71(-6.42087)  72(-3.1877)  73(-4.27821)  75(-9.82095)  76(-6.2018)  78(-5.49473)  79(-3.58569)  80(-2.50479)  81(-1.61799)  83(-9.17445)  84(-6.41679)  86(-9.5981)  87(-6.97037)  89(-4.86868)  92(-8.41755)  95(-8.37033)  
the number of strong unbalanced bit is 40
bit index: 10
strong unbalanced bits are 0(-9.06182)  8(-9.31805)  18(-8.57004)  22(-6.9911)  24(-7.00272)  25(-4.97836)  26(-6.41761)  29(-6.38578)  31(-7.90747)  32(-4.68127)  33(-2.96818)  34(-2.02404)  36(-8.62865)  37(-7.40518)  40(-8.99228)  42(-8.234)  45(-8.92738)  48(-7.63232)  53(-8.36191)  56(-7.76553)  64(-6.65568)  66(-7.80211)  69(-9.10358)  70(-5.91623)  71(-9.32735)  72(-6.14901)  73(-3.21414)  74(-4.14007)  76(-9.0884)  77(-5.82406)  79(-6.22858)  80(-3.64439)  81(-2.2885)  82(-1.49096)  84(-8.46293)  85(-7.35333)  88(-6.76099)  89(-9.6287)  90(-5.37684)  93(-8.3139)  
the number of strong unbalanced bit is 40
bit index: 11
strong unbalanced bits are 1(-8.68371)  9(-9.14702)  19(-8.50142)  22(-9.83398)  23(-6.96489)  25(-7.00525)  26(-4.93027)  27(-6.37087)  30(-7.10106)  32(-6.17893)  33(-3.93116)  34(-2.72952)  35(-1.74197)  38(-7.27113)  41(-8.25211)  43(-7.31724)  46(-8.74532)  49(-6.86378)  54(-8.99073)  57(-7.92113)  65(-6.66675)  67(-7.54311)  70(-9.01626)  71(-5.85326)  72(-8.94169)  73(-6.20274)  74(-3.1096)  75(-4.16236)  77(-9.08692)  78(-6.51638)  80(-4.64229)  81(-2.96011)  82(-1.98997)  83(-1.366)  86(-7.19301)  88(-9.79012)  89(-5.69349)  91(-5.18351)  94(-8.21818)  
the number of strong unbalanced bit is 39
bit index: 12
strong unbalanced bits are 2(-9.24703)  10(-9.39645)  20(-8.5997)  23(-9.81395)  24(-6.74815)  26(-6.97072)  27(-4.90397)  28(-6.43073)  31(-7.27466)  33(-5.61752)  34(-4.21766)  35(-2.62594)  36(-1.63588)  38(-9.8361)  39(-8.14905)  42(-8.62809)  44(-7.23559)  47(-8.33319)  50(-7.33854)  55(-9.14665)  58(-7.80156)  66(-9.0506)  68(-7.84897)  71(-8.9573)  72(-5.66059)  73(-9.16275)  74(-6.12765)  75(-3.04905)  76(-4.22383)  78(-9.42432)  79(-6.69054)  81(-4.20751)  82(-3.08698)  83(-2.05944)  84(-1.31842)  86(-9.67679)  87(-8.10381)  89(-8.44582)  90(-6.02264)  92(-5.03712)  95(-7.59696)  
the number of strong unbalanced bit is 41
bit index: 13
strong unbalanced bits are 0(-6.81908)  3(-8.79129)  11(-9.83247)  21(-8.59065)  24(-9.85464)  25(-6.67692)  27(-7.10356)  28(-4.8933)  29(-6.4881)  32(-7.28829)  34(-7.52237)  35(-4.31602)  36(-2.53439)  37(-1.9501)  40(-7.66852)  43(-9.52983)  45(-9.3696)  48(-5.64934)  51(-8.66119)  56(-8.87105)  59(-7.95034)  67(-6.61157)  69(-7.64957)  72(-8.84407)  73(-5.63447)  74(-9.42501)  75(-6.22703)  76(-3.06013)  77(-4.21325)  80(-6.69214)  82(-5.62394)  83(-3.3432)  84(-2.00931)  85(-1.55886)  88(-7.67892)  90(-9.48915)  91(-7.13564)  93(-6.64222)  
the number of strong unbalanced bit is 38
bit index: 14
strong unbalanced bits are 0(-9.91508)  1(-6.39046)  4(-9.31912)  12(-9.60443)  22(-8.50213)  25(-8.88778)  26(-6.59814)  28(-6.86515)  29(-4.90152)  30(-6.59251)  33(-5.98801)  35(-6.69423)  36(-3.50644)  37(-2.6979)  38(-1.95281)  40(-9.30173)  41(-6.07411)  44(-8.50545)  46(-7.39402)  48(-8.0442)  49(-5.34775)  52(-8.39135)  57(-9.02429)  60(-7.48881)  68(-6.50566)  70(-7.84417)  73(-7.94715)  74(-5.49224)  75(-9.22223)  76(-5.96524)  77(-3.07607)  78(-4.47674)  80(-8.20966)  81(-5.38657)  83(-5.4517)  84(-2.74454)  85(-2.17736)  86(-1.60364)  88(-9.29383)  89(-6.00428)  91(-9.76962)  92(-6.57739)  94(-5.43812)  
the number of strong unbalanced bit is 43
bit index: 15
strong unbalanced bits are 1(-9.7817)  2(-7.11936)  5(-8.95233)  13(-9.63926)  23(-8.44979)  26(-9.49109)  27(-6.63409)  29(-7.01589)  30(-5.16361)  31(-6.70882)  33(-9.39649)  34(-5.86854)  36(-4.80689)  37(-3.92467)  38(-2.92599)  39(-2.10298)  41(-8.47003)  42(-6.41806)  45(-8.40831)  47(-8.17351)  49(-7.99066)  50(-6.07376)  53(-7.63179)  58(-8.63574)  60(-9.76602)  61(-8.37078)  69(-7.25238)  71(-7.53088)  74(-8.42484)  75(-5.53082)  76(-9.3282)  77(-6.22193)  78(-3.29157)  79(-4.43787)  81(-7.49862)  82(-5.30587)  84(-3.72724)  85(-3.12684)  86(-2.37233)  87(-1.77998)  89(-8.30919)  90(-6.36355)  92(-8.90959)  93(-6.61735)  95(-6.29007)  
the number of strong unbalanced bit is 45
bit index: 16
strong unbalanced bits are 0(-7.54581)  3(-8.10603)  14(-9.77096)  24(-8.41065)  27(-9.99226)  28(-6.84752)  30(-7.5083)  31(-5.2383)  32(-6.64532)  35(-7.10538)  37(-6.99781)  38(-4.71834)  39(-3.28429)  40(-2.1854)  42(-9.9768)  43(-8.50038)  46(-9.65349)  48(-4.24528)  51(-7.53838)  54(-9.05804)  59(-8.39862)  62(-8.15461)  70(-6.7272)  72(-7.55529)  75(-9.12546)  76(-5.74015)  77(-9.03185)  78(-6.62206)  79(-3.3788)  80(-4.45403)  83(-6.51055)  85(-5.22836)  86(-3.69469)  87(-2.71465)  88(-1.76111)  90(-9.76101)  91(-8.51118)  94(-7.25117)  
the number of strong unbalanced bit is 38
bit index: 17
strong unbalanced bits are 1(-7.67138)  4(-9.56192)  15(-9.74825)  25(-8.5507)  28(-9.74328)  29(-6.54877)  31(-7.36187)  32(-5.13077)  33(-6.48149)  36(-5.74842)  38(-8.39729)  39(-5.1073)  40(-3.15182)  41(-2.12313)  44(-8.23367)  47(-9.34102)  49(-4.10767)  52(-8.50103)  55(-8.75848)  60(-8.41677)  63(-7.80657)  71(-6.26424)  73(-7.99437)  76(-8.67658)  77(-5.44444)  78(-9.74246)  79(-6.51651)  80(-3.30213)  81(-4.30568)  83(-9.57398)  84(-5.19616)  86(-6.55555)  87(-4.21387)  88(-2.5108)  89(-1.63258)  92(-8.20901)  95(-7.27158)  
the number of strong unbalanced bit is 37
bit index: 18
strong unbalanced bits are 0(-8.47744)  2(-9.21234)  5(-8.70961)  16(-9.58358)  26(-8.42417)  29(-9.10813)  30(-7.20001)  32(-7.24714)  33(-5.05239)  34(-6.33812)  37(-6.84876)  39(-8.19356)  40(-4.46539)  41(-3.01791)  42(-2.04832)  45(-8.36755)  48(-5.81655)  50(-4.7598)  53(-8.00192)  56(-8.71637)  64(-7.7133)  72(-6.54272)  74(-7.44407)  77(-8.0846)  78(-6.22967)  79(-9.25591)  80(-6.43663)  81(-3.27663)  82(-4.15917)  84(-8.75793)  85(-6.28931)  87(-6.95254)  88(-3.41309)  89(-2.27413)  90(-1.54663)  93(-8.3482)  95(-9.87089)  
the number of strong unbalanced bit is 37
bit index: 19
strong unbalanced bits are 1(-8.23961)  3(-6.93373)  6(-9.18156)  17(-9.76489)  27(-8.37079)  30(-9.87166)  31(-7.0336)  33(-7.02723)  34(-4.90606)  35(-6.30833)  38(-7.05846)  40(-6.01982)  41(-4.07994)  42(-2.80238)  43(-2.00043)  46(-7.83549)  48(-8.45226)  49(-5.48317)  51(-5.55935)  54(-8.31477)  57(-8.88957)  62(-9.3717)  64(-9.88788)  65(-7.75035)  73(-7.13154)  75(-7.7023)  78(-9.13862)  79(-6.00817)  80(-9.12752)  81(-6.20153)  82(-3.09498)  83(-4.19434)  86(-6.4903)  88(-4.50575)  89(-3.09217)  90(-2.12833)  91(-1.62073)  94(-7.80219)  
the number of strong unbalanced bit is 38
bit index: 20
strong unbalanced bits are 2(-8.94633)  4(-8.37511)  7(-8.98001)  28(-8.44812)  32(-7.04228)  34(-6.92501)  35(-4.90903)  36(-6.30401)  39(-7.80659)  41(-6.3413)  42(-4.21261)  43(-2.99021)  44(-1.98637)  46(-9.70893)  47(-7.85623)  49(-8.49966)  50(-6.01553)  52(-5.93907)  55(-8.14212)  58(-8.81484)  63(-8.16913)  66(-8.34911)  74(-6.21081)  76(-7.89041)  79(-9.10747)  80(-5.97809)  81(-8.96013)  82(-6.09808)  83(-3.12711)  84(-4.05556)  87(-7.20707)  89(-4.41455)  90(-3.10697)  91(-2.37895)  92(-1.69175)  94(-9.69233)  95(-7.78749)  
the number of strong unbalanced bit is 37
bit index: 21
strong unbalanced bits are 0(-6.41692)  3(-8.45424)  5(-7.82953)  8(-9.28991)  29(-8.3488)  32(-9.86821)  33(-6.72945)  35(-6.98731)  36(-4.84441)  37(-6.35405)  40(-6.75176)  42(-6.96934)  43(-4.48006)  44(-2.90642)  45(-2.23386)  48(-6.43372)  50(-9.23495)  51(-6.82962)  53(-4.54575)  56(-8.28623)  59(-8.54704)  64(-8.39346)  67(-8.10001)  69(-9.43633)  75(-6.15794)  77(-7.41273)  80(-8.93317)  81(-5.67827)  82(-8.91968)  83(-6.17716)  84(-3.05714)  85(-4.23309)  88(-6.19022)  90(-4.94913)  91(-3.548)  92(-2.45637)  93(-1.9374)  
the number of strong unbalanced bit is 37
bit index: 22
strong unbalanced bits are 0(-8.14654)  1(-5.78105)  4(-8.92702)  6(-6.20652)  9(-8.81074)  20(-9.54833)  30(-8.71067)  33(-9.18402)  34(-6.45135)  36(-6.82719)  37(-4.86546)  38(-6.50757)  41(-6.24195)  43(-6.03283)  44(-3.95343)  45(-3.11343)  46(-2.11702)  48(-8.01721)  49(-5.66959)  51(-9.67839)  52(-6.91223)  54(-4.59882)  57(-8.091)  60(-8.05979)  68(-7.71917)  76(-6.16098)  78(-7.76829)  81(-8.3354)  82(-5.36151)  83(-9.50407)  84(-6.11825)  85(-3.03927)  86(-4.19451)  89(-5.6622)  91(-4.74668)  92(-3.32074)  93(-2.7166)  94(-1.86903)  
the number of strong unbalanced bit is 38
bit index: 23
strong unbalanced bits are 1(-8.37162)  2(-6.37348)  5(-8.493)  7(-7.77543)  10(-9.18369)  21(-9.66055)  31(-8.67966)  34(-9.58119)  35(-6.78579)  37(-7.01052)  38(-5.00261)  39(-6.51209)  41(-9.55955)  42(-6.18055)  44(-6.2046)  45(-5.18784)  46(-3.352)  47(-2.36388)  49(-8.04183)  50(-6.34669)  52(-9.16766)  53(-6.49535)  55(-5.30898)  58(-8.19443)  61(-9.53739)  69(-7.89727)  77(-6.45066)  79(-7.67427)  82(-8.50161)  83(-5.67537)  84(-8.82624)  85(-6.14426)  86(-3.1858)  87(-4.45706)  89(-7.70358)  90(-5.60315)  92(-4.79433)  93(-4.34718)  94(-2.84854)  95(-2.0179)  
the number of strong unbalanced bit is 40
bit index: 24
strong unbalanced bits are 0(-2.2868)  3(-7.34672)  8(-7.65855)  11(-8.97823)  22(-9.49705)  32(-8.7258)  35(-9.69116)  36(-6.52155)  38(-7.23067)  39(-5.15837)  40(-6.443)  43(-7.66521)  45(-8.0558)  46(-4.99781)  47(-3.42279)  48(-1.4677)  51(-7.25407)  53(-9.9074)  54(-7.09206)  56(-5.15906)  59(-7.98273)  62(-9.35576)  67(-9.94852)  70(-8.08653)  78(-7.5976)  80(-7.98681)  83(-8.73809)  84(-5.39581)  85(-9.48992)  86(-6.40646)  87(-3.28571)  88(-5.30378)  90(-8.97669)  91(-7.10241)  93(-6.30501)  94(-4.13155)  95(-2.85649)  
the number of strong unbalanced bit is 37
bit index: 25
strong unbalanced bits are 0(-3.33343)  1(-2.16744)  4(-8.67046)  7(-9.72351)  9(-7.39137)  12(-8.89526)  23(-9.53189)  33(-8.74628)  36(-8.8751)  37(-6.72981)  39(-7.25697)  40(-5.07235)  41(-6.42127)  44(-7.60295)  46(-7.43044)  47(-4.85044)  48(-2.12351)  49(-1.42166)  52(-8.65415)  55(-6.9263)  57(-4.89568)  60(-7.93614)  63(-8.46859)  68(-9.16045)  71(-8.05585)  79(-7.49415)  81(-7.96175)  84(-7.81688)  85(-5.62602)  86(-9.5292)  87(-6.37938)  88(-3.27788)  89(-4.31444)  92(-7.0077)  94(-6.18389)  95(-4.04952)  
the number of strong unbalanced bit is 36
bit index: 26
strong unbalanced bits are 0(-4.2888)  1(-2.87397)  2(-1.91431)  5(-7.04953)  10(-6.90885)  13(-9.85713)  16(-9.96273)  24(-9.75304)  34(-8.72293)  37(-9.04765)  38(-6.7894)  40(-7.04177)  41(-4.95265)  42(-6.38575)  45(-7.88014)  47(-6.12063)  48(-2.73954)  49(-1.886)  50(-1.30355)  53(-6.9989)  55(-9.68506)  56(-7.15355)  57(-9.84016)  58(-5.00798)  61(-9.11965)  64(-8.17394)  69(-8.89316)  72(-7.67485)  74(-9.81074)  80(-7.34802)  82(-7.8774)  85(-8.15262)  86(-5.76526)  87(-8.92434)  88(-6.13014)  89(-3.18802)  90(-4.11011)  92(-9.82113)  93(-7.28647)  95(-5.11148)  
the number of strong unbalanced bit is 40
bit index: 27
strong unbalanced bits are 0(-7.73362)  1(-4.48841)  2(-2.91077)  3(-1.6399)  5(-9.50932)  6(-7.52094)  9(-9.16278)  11(-7.49647)  14(-9.24035)  25(-9.46448)  35(-8.71881)  38(-9.69128)  39(-7.07575)  41(-7.02454)  42(-4.97418)  43(-6.4903)  46(-7.60184)  48(-4.07253)  49(-2.79501)  50(-1.95216)  51(-1.50721)  53(-9.36491)  54(-7.53537)  57(-6.50521)  59(-5.6211)  62(-8.37912)  65(-9.08293)  73(-7.55914)  81(-7.38284)  83(-7.93716)  86(-8.72564)  87(-6.06738)  88(-8.95613)  89(-6.17727)  90(-3.16221)  91(-4.3234)  94(-6.95869)  
the number of strong unbalanced bit is 37
bit index: 28
strong unbalanced bits are 1(-7.15924)  2(-4.95214)  3(-2.59925)  4(-2.16017)  7(-7.94688)  12(-8.05498)  15(-8.85215)  26(-9.40811)  36(-8.37437)  40(-7.00695)  42(-7.15397)  43(-5.05449)  44(-6.65489)  47(-7.80363)  49(-4.45857)  50(-3.1825)  51(-2.35113)  52(-1.97451)  55(-7.94435)  57(-9.72132)  58(-6.86133)  60(-5.42952)  63(-7.86724)  66(-9.77862)  74(-7.75096)  82(-6.252)  84(-7.44251)  87(-9.69914)  88(-5.93976)  89(-9.36989)  90(-6.40037)  91(-3.23831)  92(-4.45221)  95(-7.20626)  
the number of strong unbalanced bit is 34
bit index: 29
strong unbalanced bits are 0(-5.74591)  2(-8.27624)  3(-3.84085)  4(-3.17339)  5(-2.08792)  8(-7.92598)  11(-9.34539)  13(-9.15835)  16(-8.46588)  27(-9.22183)  37(-8.35384)  40(-9.65962)  41(-6.86931)  43(-7.30752)  44(-5.14392)  45(-6.58905)  48(-5.24386)  50(-5.24626)  51(-3.39447)  52(-2.85845)  53(-1.76923)  56(-7.84856)  58(-9.6272)  59(-7.08397)  61(-7.06402)  64(-7.72296)  67(-9.12336)  72(-8.78887)  74(-9.89144)  75(-7.65514)  83(-6.75759)  85(-7.39125)  88(-8.91474)  89(-5.83865)  90(-9.03991)  91(-6.49019)  92(-3.36294)  93(-4.40525)  95(-9.11917)  
the number of strong unbalanced bit is 39
bit index: 30
strong unbalanced bits are 1(-5.66385)  3(-6.09397)  4(-4.57331)  5(-2.96404)  6(-2.33943)  9(-7.48956)  12(-9.79637)  14(-8.60673)  17(-9.31861)  28(-9.95132)  38(-8.27336)  41(-9.52442)  42(-6.82777)  44(-7.24261)  45(-5.25656)  46(-6.57251)  49(-5.1716)  51(-5.29337)  52(-4.01125)  53(-2.42711)  54(-1.88012)  56(-9.9814)  57(-7.51804)  59(-9.92314)  60(-6.50197)  62(-6.26597)  65(-8.56722)  68(-8.8123)  73(-7.87908)  75(-9.99349)  76(-7.5119)  84(-6.11568)  86(-7.42722)  89(-8.56615)  90(-5.80145)  91(-9.23598)  92(-6.38065)  93(-3.44437)  94(-4.45986)  
the number of strong unbalanced bit is 39
bit index: 31
strong unbalanced bits are 1(-8.85979)  2(-6.1985)  4(-6.38654)  5(-4.02017)  6(-3.09809)  7(-2.03965)  9(-9.67597)  10(-7.6811)  13(-9.91646)  15(-7.0624)  18(-9.54663)  29(-9.6337)  39(-8.42021)  42(-9.42443)  43(-6.99011)  45(-7.36002)  46(-5.21319)  47(-6.58919)  49(-7.48968)  50(-5.72311)  52(-5.45912)  53(-3.18671)  54(-2.49199)  55(-1.63226)  57(-9.66452)  58(-7.64326)  60(-9.38924)  61(-7.70443)  63(-4.30146)  66(-8.73191)  69(-9.03356)  74(-8.68008)  76(-9.87337)  77(-7.79284)  85(-6.14307)  87(-7.6697)  90(-8.46302)  91(-5.88666)  92(-9.00026)  93(-6.57474)  94(-3.36034)  95(-4.34827)  
the number of strong unbalanced bit is 42
bit index: 32
strong unbalanced bits are 0(-6.85632)  3(-7.09447)  5(-5.82978)  6(-4.74061)  7(-3.10497)  8(-2.199)  10(-9.94413)  11(-7.61476)  14(-9.90672)  16(-7.84615)  19(-9.5147)  40(-8.63354)  44(-7.20935)  46(-7.54119)  47(-5.21525)  48(-0.959317)  50(-8.82387)  51(-6.66694)  53(-4.39276)  54(-3.63893)  55(-2.39366)  56(-1.77167)  58(-9.81088)  59(-7.54831)  62(-7.43908)  64(-5.11116)  67(-8.69268)  70(-9.10143)  75(-9.07453)  78(-8.27713)  86(-6.55886)  88(-7.87917)  91(-9.67586)  92(-6.11473)  93(-9.95232)  94(-6.71526)  95(-3.35463)  
the number of strong unbalanced bit is 37
bit index: 33
strong unbalanced bits are 0(-3.87419)  1(-6.88974)  4(-7.06965)  6(-7.14596)  7(-4.53147)  8(-3.20135)  9(-2.18178)  12(-7.35404)  15(-9.0935)  17(-9.19279)  20(-8.75442)  31(-9.80172)  41(-8.31882)  45(-7.52633)  47(-7.34432)  48(-2.01738)  49(-3.93935)  51(-9.49155)  52(-6.601)  54(-5.57082)  55(-3.40568)  56(-2.54554)  57(-1.80253)  60(-7.32435)  63(-6.17636)  65(-7.63253)  68(-8.04993)  71(-9.18326)  76(-7.93448)  79(-8.13781)  87(-7.32095)  89(-7.39122)  92(-9.40465)  93(-6.51475)  94(-9.71962)  95(-6.5629)  
the number of strong unbalanced bit is 36
bit index: 34
strong unbalanced bits are 0(-5.34422)  1(-3.92381)  2(-6.27361)  5(-6.72195)  7(-7.0616)  8(-4.81851)  9(-3.13858)  10(-2.27323)  13(-9.07445)  16(-9.36825)  18(-8.05319)  21(-9.21974)  42(-8.38698)  46(-7.36304)  48(-4.45509)  49(-2.20678)  50(-4.67727)  53(-6.25932)  55(-5.02506)  56(-3.75541)  57(-2.54068)  58(-1.80219)  61(-9.11285)  63(-9.38412)  64(-6.93154)  66(-5.69028)  69(-8.38592)  72(-8.79566)  77(-8.7463)  80(-8.39001)  88(-6.72922)  90(-7.72029)  93(-9.65288)  94(-6.30835)  95(-9.77496)  
the number of strong unbalanced bit is 35
bit index: 35
strong unbalanced bits are 0(-6.3024)  1(-5.28934)  2(-4.08255)  3(-7.12417)  6(-7.14774)  8(-6.65877)  9(-4.19359)  10(-3.06424)  11(-2.33912)  14(-8.55939)  17(-9.98419)  19(-8.46968)  22(-9.74218)  41(-9.75575)  43(-8.15905)  47(-7.35734)  49(-4.58265)  50(-2.5437)  51(-3.62952)  54(-6.8788)  56(-4.93207)  57(-3.29345)  58(-2.39954)  59(-1.88648)  62(-8.48268)  64(-9.60285)  65(-7.80905)  67(-6.2932)  70(-8.81337)  73(-8.23686)  78(-9.69396)  81(-8.26784)  89(-5.6814)  91(-7.29199)  94(-9.22842)  95(-6.29664)  
the number of strong unbalanced bit is 36
bit index: 36
strong unbalanced bits are 0(-5.87855)  2(-7.09228)  3(-4.91945)  4(-7.76128)  7(-6.74192)  9(-6.10531)  10(-4.36921)  11(-3.38193)  12(-2.09889)  15(-7.42212)  18(-9.96194)  20(-7.057)  23(-9.77884)  26(-9.86484)  34(-9.96228)  44(-8.47253)  48(-4.65838)  49(-8.4886)  50(-6.57218)  51(-3.12702)  52(-4.99736)  55(-6.26366)  57(-4.64825)  58(-3.30168)  59(-2.706)  60(-1.58112)  63(-7.4375)  66(-7.30242)  68(-4.60456)  71(-9.05738)  74(-8.33253)  79(-9.74192)  82(-7.4704)  90(-7.98167)  92(-7.57737)  95(-9.4651)  
the number of strong unbalanced bit is 36
bit index: 37
strong unbalanced bits are 0(-8.10686)  1(-5.77053)  3(-9.60009)  4(-4.67748)  5(-7.1671)  8(-7.31924)  10(-6.6303)  11(-4.77834)  12(-2.92441)  13(-2.26877)  16(-7.77513)  21(-8.36385)  24(-9.16284)  35(-9.82771)  45(-8.38309)  48(-7.42524)  49(-4.55373)  50(-8.06511)  51(-5.90394)  52(-2.97115)  53(-4.91454)  56(-6.77635)  58(-4.85124)  59(-3.90698)  60(-2.24599)  61(-1.95724)  64(-7.77688)  67(-7.22905)  69(-6.07629)  72(-8.24047)  75(-8.64389)  80(-9.77512)  82(-9.93145)  83(-7.64928)  91(-6.05789)  93(-7.67731)  
the number of strong unbalanced bit is 36
bit index: 38
strong unbalanced bits are 1(-7.9828)  2(-5.98628)  4(-8.26998)  5(-4.71331)  6(-6.40896)  9(-6.17607)  11(-7.16036)  12(-3.85494)  13(-3.06593)  14(-2.18181)  16(-9.45194)  17(-8.37782)  20(-8.34529)  22(-7.09304)  25(-7.95721)  36(-8.75691)  46(-8.4159)  49(-7.21673)  50(-4.95241)  51(-9.30856)  52(-5.65551)  53(-2.78679)  54(-3.64704)  56(-9.47478)  57(-5.8566)  59(-5.62259)  60(-2.97408)  61(-2.66823)  62(-1.88624)  64(-9.39671)  65(-8.33565)  68(-6.38059)  69(-9.75506)  70(-5.13419)  73(-7.15924)  76(-8.14732)  81(-8.30497)  83(-9.67471)  84(-7.19634)  89(-9.85017)  92(-7.47651)  94(-7.74558)  
the number of strong unbalanced bit is 42
bit index: 39
strong unbalanced bits are 2(-9.23492)  3(-6.58505)  5(-8.23712)  6(-4.31261)  7(-6.64135)  10(-6.47259)  12(-5.44757)  13(-4.52546)  14(-3.22345)  15(-2.02563)  18(-7.95431)  21(-9.60666)  23(-8.40051)  26(-8.32242)  37(-9.36185)  45(-9.90613)  47(-8.78945)  50(-8.45927)  51(-5.57817)  53(-6.6079)  54(-3.21768)  55(-4.6437)  57(-9.91636)  58(-5.97303)  60(-4.19225)  61(-3.92483)  62(-2.71242)  63(-1.56423)  66(-7.92184)  68(-9.6507)  69(-7.03739)  70(-9.99989)  71(-6.90352)  74(-7.61688)  77(-8.2618)  84(-9.60919)  85(-7.34493)  93(-7.22391)  95(-8.1481)  
the number of strong unbalanced bit is 39
bit index: 40
strong unbalanced bits are 0(-6.05011)  3(-9.43773)  4(-6.23388)  6(-5.92947)  7(-4.01078)  8(-7.11436)  11(-7.17281)  13(-7.33222)  14(-5.07667)  15(-3.09795)  16(-2.10863)  18(-9.98161)  19(-8.11574)  24(-8.03438)  27(-8.57539)  38(-9.51107)  48(-5.72346)  51(-7.87683)  52(-5.26905)  54(-6.36842)  55(-2.73098)  56(-5.1778)  58(-9.29094)  59(-6.60482)  61(-6.2102)  62(-4.25118)  63(-2.3309)  64(-1.70691)  67(-8.07073)  70(-7.16233)  72(-5.25656)  75(-7.54218)  78(-9.34572)  80(-9.96645)  83(-7.84368)  85(-9.80519)  86(-7.51452)  94(-9.70807)  
the number of strong unbalanced bit is 38
bit index: 41
strong unbalanced bits are 0(-7.61702)  1(-6.30324)  4(-8.65725)  5(-5.80309)  6(-9.3034)  7(-5.79958)  8(-4.14544)  9(-6.74303)  12(-6.33367)  14(-9.00048)  15(-4.54562)  16(-3.07246)  17(-2.39731)  20(-7.78895)  23(-9.46427)  25(-6.60622)  28(-8.49756)  39(-9.56258)  48(-9.479)  49(-5.35017)  52(-7.66909)  53(-4.79244)  55(-5.45077)  56(-2.853)  57(-3.82527)  59(-9.79072)  60(-5.99754)  62(-7.39305)  63(-3.32655)  64(-2.44813)  65(-2.00663)  68(-7.77009)  71(-7.62681)  72(-7.61393)  73(-3.9325)  76(-7.36498)  79(-9.65856)  81(-9.98957)  84(-7.35253)  86(-9.89614)  87(-8.28116)  89(-9.07903)  95(-7.45439)  
the number of strong unbalanced bit is 43
bit index: 42
strong unbalanced bits are 0(-9.982)  2(-8.11566)  5(-9.83127)  6(-6.36235)  8(-7.19853)  9(-4.82596)  10(-6.67522)  13(-8.25716)  15(-6.94347)  16(-4.37161)  17(-3.23301)  18(-2.2588)  20(-9.34402)  21(-7.88057)  26(-7.12556)  29(-8.58339)  40(-9.64257)  48(-3.73135)  50(-7.76662)  53(-8.40809)  54(-5.85162)  55(-9.91186)  56(-6.33586)  57(-3.17066)  58(-4.73115)  60(-8.50348)  61(-7.75791)  63(-4.86184)  64(-3.3761)  65(-2.67841)  66(-1.90338)  68(-9.34381)  69(-7.8147)  72(-6.64288)  74(-4.71007)  77(-7.8891)  80(-9.13954)  85(-8.15784)  88(-7.79354)  90(-9.81549)  
the number of strong unbalanced bit is 40
bit index: 43
strong unbalanced bits are 3(-7.87771)  6(-8.79811)  7(-5.65012)  9(-7.49774)  10(-4.42491)  11(-8.46821)  14(-7.97638)  16(-6.33752)  17(-4.55229)  18(-3.06529)  19(-2.16285)  22(-8.08855)  25(-9.78724)  27(-8.32808)  30(-9.30921)  41(-8.37837)  49(-3.62521)  51(-7.10157)  54(-8.63923)  55(-4.87229)  57(-6.46647)  58(-2.71383)  59(-5.07296)  62(-7.48553)  64(-4.89829)  65(-3.75515)  66(-2.53911)  67(-1.74785)  70(-8.02497)  72(-9.80453)  73(-5.79676)  75(-6.35303)  78(-8.46388)  81(-8.33788)  86(-8.00159)  89(-6.59542)  
the number of strong unbalanced bit is 36
bit index: 44
strong unbalanced bits are 4(-6.82355)  7(-8.01528)  8(-5.9821)  10(-6.76666)  11(-4.59901)  12(-7.76991)  15(-6.78586)  17(-7.04558)  18(-4.24105)  19(-2.99552)  20(-1.84527)  23(-9.08438)  26(-8.63985)  28(-8.79907)  31(-9.54006)  42(-8.14492)  50(-4.69512)  52(-5.86646)  55(-7.35968)  56(-5.11375)  58(-5.41839)  59(-2.90993)  60(-4.04474)  63(-6.31895)  64(-6.98987)  65(-5.46836)  66(-3.326)  67(-2.29201)  68(-1.44601)  71(-9.1005)  73(-8.5811)  74(-5.98083)  76(-5.88823)  79(-9.02877)  82(-7.39793)  84(-9.59198)  87(-8.97607)  89(-8.35226)  90(-6.32813)  
the number of strong unbalanced bit is 39
bit index: 45
strong unbalanced bits are 0(-9.62567)  5(-8.63448)  9(-6.29814)  11(-7.21931)  12(-4.19906)  13(-6.02723)  16(-6.56524)  18(-7.35613)  19(-4.99072)  20(-2.89932)  21(-2.23349)  24(-7.82371)  27(-9.42619)  29(-7.40078)  32(-9.39762)  43(-9.41967)  48(-5.81853)  51(-6.35435)  53(-7.50288)  56(-8.77678)  57(-5.67682)  58(-8.03678)  59(-6.3465)  60(-3.11936)  61(-4.54542)  63(-9.00764)  64(-6.00299)  66(-5.87448)  67(-4.05877)  68(-2.3616)  69(-1.87071)  72(-7.77621)  74(-9.57296)  75(-6.65905)  77(-4.75838)  80(-8.54971)  83(-8.63176)  88(-8.72844)  90(-9.31675)  91(-7.58452)  
the number of strong unbalanced bit is 40
bit index: 46
strong unbalanced bits are 0(-9.37239)  1(-8.86885)  4(-8.9995)  6(-6.85296)  9(-7.98943)  10(-5.59382)  12(-6.05007)  13(-4.37082)  14(-8.24566)  17(-7.57025)  19(-7.91784)  20(-4.10107)  21(-3.05692)  22(-1.98161)  25(-6.10951)  30(-7.21297)  33(-8.05762)  36(-8.55594)  41(-9.10473)  44(-8.72048)  48(-8.48657)  49(-7.1053)  52(-5.50407)  54(-7.11972)  57(-7.81188)  58(-4.76739)  60(-7.12254)  61(-2.9051)  62(-4.79891)  64(-8.47731)  65(-7.00336)  67(-6.60916)  68(-3.29406)  69(-2.54468)  70(-1.70281)  73(-6.06812)  75(-9.23507)  76(-6.21687)  78(-4.97137)  81(-7.29687)  84(-6.93069)  89(-6.14298)  91(-9.4194)  92(-7.68754)  
the number of strong unbalanced bit is 44
bit index: 47
strong unbalanced bits are 0(-5.86642)  2(-8.91277)  5(-8.13875)  7(-5.22494)  10(-6.95891)  11(-5.43787)  12(-8.9769)  13(-6.26409)  14(-4.08061)  15(-8.22887)  18(-6.14929)  20(-6.50597)  21(-4.17817)  22(-2.59327)  23(-1.80313)  25(-6.58663)  26(-5.5736)  29(-7.30989)  31(-5.89157)  33(-9.24785)  34(-5.73648)  36(-9.64886)  37(-8.20151)  42(-7.98864)  44(-9.48765)  45(-6.70264)  47(-9.15717)  48(-4.10724)  50(-7.25124)  53(-3.98858)  55(-4.67925)  58(-6.29073)  59(-4.82812)  60(-9.99315)  61(-5.68877)  62(-2.83088)  63(-4.56185)  65(-9.82943)  66(-5.53456)  68(-4.97049)  69(-3.40451)  70(-2.20583)  71(-1.55057)  73(-6.52297)  74(-5.55806)  76(-7.99611)  77(-5.33453)  79(-4.38164)  81(-8.58269)  82(-4.94923)  84(-8.07393)  85(-6.56667)  90(-5.74355)  92(-8.30749)  93(-5.83111)  95(-8.04786)  
the number of strong unbalanced bit is 56
bit index: 48
strong unbalanced bits are 0(-6.63627)  3(-8.1269)  4(-5.55126)  6(-6.16286)  7(-3.07211)  8(-2.26157)  10(-9.35658)  11(-6.61638)  12(-6.55731)  13(-4.65076)  14(-3.35278)  15(-2.2685)  16(-1.5542)  18(-9.43448)  19(-8.01834)  22(-7.71367)  23(-7.11506)  24(-4.63007)  27(-7.57661)  30(-9.14369)  35(-7.63159)  38(-8.58958)  45(-9.0899)  46(-5.93818)  48(-3.51607)  51(-7.20006)  52(-4.75536)  53(-7.1358)  54(-2.8219)  55(-1.46289)  56(-0.940876)  58(-9.3206)  59(-6.62354)  60(-4.16193)  61(-3.64846)  62(-2.64271)  63(-1.5958)  64(-1.18451)  66(-9.52668)  67(-7.97663)  70(-6.22989)  71(-4.50519)  72(-2.87249)  75(-7.42674)  77(-9.1692)  78(-7.61854)  80(-7.27203)  82(-8.58789)  83(-6.38867)  85(-9.19496)  86(-6.63909)  88(-9.21165)  91(-6.35546)  93(-7.12805)  94(-4.68763)  
the number of strong unbalanced bit is 55
bit index: 49
strong unbalanced bits are 0(-9.67261)  1(-6.26729)  4(-8.09694)  5(-5.21898)  6(-9.96944)  7(-6.24937)  8(-3.20237)  9(-2.03982)  11(-9.77529)  12(-6.03299)  13(-7.56758)  14(-5.19395)  15(-3.34707)  16(-2.26977)  17(-1.7383)  20(-7.72776)  23(-8.7563)  24(-7.05729)  25(-4.62552)  28(-7.45058)  31(-9.27136)  36(-7.21711)  39(-8.88016)  41(-9.01869)  46(-9.36898)  47(-6.04948)  48(-4.80714)  49(-3.99549)  52(-7.56208)  53(-4.258)  54(-6.57312)  55(-2.50695)  56(-1.52685)  57(-0.964164)  59(-9.83594)  60(-5.99294)  61(-5.48911)  62(-3.81612)  63(-2.26146)  64(-1.7025)  65(-1.37772)  68(-7.7138)  70(-9.18122)  71(-7.37503)  72(-4.1899)  73(-2.82986)  76(-7.29059)  78(-9.70038)  79(-7.7698)  81(-6.84692)  83(-9.10942)  84(-6.08119)  86(-9.62847)  87(-7.52265)  88(-9.99764)  89(-8.13132)  92(-8.01355)  94(-7.18919)  95(-4.6855)  
the number of strong unbalanced bit is 59
bit index: 50
strong unbalanced bits are 0(-4.39527)  2(-7.46351)  5(-9.10446)  6(-5.88266)  8(-7.13413)  9(-3.08887)  10(-2.1895)  12(-8.66221)  13(-7.80348)  14(-7.54257)  15(-4.90613)  16(-3.20183)  17(-2.39903)  18(-1.73269)  20(-8.9552)  21(-7.73827)  24(-8.093)  25(-6.32798)  26(-4.15951)  28(-9.80005)  29(-7.56015)  32(-9.06581)  37(-7.33419)  40(-8.64388)  47(-9.44392)  48(-2.45463)  50(-6.08356)  53(-7.43776)  54(-4.84185)  55(-6.51129)  56(-2.67462)  57(-1.57443)  58(-0.928647)  60(-8.57068)  61(-7.74703)  62(-5.15271)  63(-3.04493)  64(-2.31823)  65(-1.88686)  66(-1.41461)  68(-8.91473)  69(-7.683)  72(-5.9341)  73(-3.75028)  74(-2.63196)  76(-9.63665)  77(-7.53302)  79(-9.76969)  80(-7.38449)  84(-8.71365)  85(-6.116)  88(-7.06864)  93(-7.51975)  95(-7.2132)  
the number of strong unbalanced bit is 54
bit index: 51
strong unbalanced bits are 0(-7.84515)  1(-4.18561)  3(-6.74167)  6(-8.61716)  7(-5.22849)  9(-6.70107)  10(-3.02801)  11(-2.27427)  14(-7.51009)  15(-6.78942)  16(-4.29867)  17(-3.25205)  18(-2.33544)  19(-1.6768)  22(-7.95057)  25(-6.76216)  26(-5.85913)  27(-3.5802)  30(-8.15191)  33(-8.82837)  38(-7.62091)  41(-7.64994)  48(-4.30738)  49(-2.48036)  51(-6.76169)  54(-8.20123)  55(-4.0517)  56(-7.39841)  57(-2.67844)  58(-1.46331)  59(-0.965319)  62(-7.46385)  63(-4.10941)  64(-3.11431)  65(-2.54203)  66(-1.88942)  67(-1.30968)  70(-7.88954)  72(-8.94565)  73(-4.89144)  74(-3.45754)  75(-2.37283)  78(-8.08576)  80(-9.00736)  81(-6.86478)  83(-6.73766)  85(-9.23462)  86(-6.47951)  89(-5.99724)  91(-8.87048)  94(-9.69527)  
the number of strong unbalanced bit is 51
bit index: 52
strong unbalanced bits are 1(-7.7634)  2(-5.04924)  4(-6.05535)  7(-8.11439)  8(-5.55035)  9(-8.97153)  10(-6.26005)  11(-3.2061)  12(-1.99078)  15(-6.33883)  16(-7.39101)  17(-4.95121)  18(-3.47069)  19(-2.49778)  20(-1.61609)  23(-8.89443)  26(-6.94194)  27(-6.50411)  28(-4.23807)  31(-8.70474)  34(-8.82883)  39(-8.45439)  42(-7.81044)  49(-4.45533)  50(-3.47732)  52(-5.30346)  55(-6.5504)  56(-4.26988)  57(-6.64404)  58(-2.56617)  59(-1.6051)  60(-0.896437)  63(-6.29211)  64(-4.58581)  65(-3.77301)  66(-2.72098)  67(-1.87427)  68(-1.24469)  71(-8.9036)  73(-8.23416)  74(-5.51718)  75(-3.78569)  76(-2.49223)  79(-8.66367)  81(-8.7496)  82(-6.71356)  84(-6.2626)  86(-9.49398)  87(-7.43477)  89(-8.16733)  90(-5.9696)  95(-7.63125)  
the number of strong unbalanced bit is 52
bit index: 53
strong unbalanced bits are 0(-8.08367)  2(-9.35077)  3(-5.18819)  5(-7.82338)  8(-9.37948)  9(-5.63794)  10(-7.41657)  11(-5.87607)  12(-2.95988)  13(-2.31493)  15(-9.15975)  16(-6.06772)  17(-7.24662)  18(-4.51983)  19(-3.1992)  20(-2.01807)  21(-1.49861)  24(-7.7064)  27(-7.72513)  28(-6.40472)  29(-4.0987)  32(-8.35731)  35(-8.96199)  40(-8.03257)  43(-8.58728)  48(-3.15219)  50(-6.605)  51(-4.45359)  53(-6.36042)  55(-9.58663)  56(-7.70705)  57(-4.70977)  58(-6.7292)  59(-2.82344)  60(-1.44534)  61(-0.92278)  63(-9.01491)  64(-5.96857)  65(-4.97685)  66(-3.36727)  67(-2.31875)  68(-1.53275)  69(-1.17377)  72(-7.66625)  74(-8.99061)  75(-6.15692)  76(-3.68822)  77(-2.53005)  80(-8.17609)  82(-9.16593)  83(-7.09733)  85(-7.61232)  88(-6.78694)  91(-7.08803)  
the number of strong unbalanced bit is 54
bit index: 54
strong unbalanced bits are 1(-8.07601)  3(-7.98443)  4(-3.87757)  6(-6.83239)  9(-8.09023)  10(-4.76677)  12(-5.96672)  13(-2.93821)  14(-2.74372)  16(-8.63315)  17(-7.0397)  18(-6.26853)  19(-4.34057)  20(-2.64829)  21(-1.91569)  22(-1.26941)  24(-9.68798)  25(-5.97513)  28(-7.21001)  29(-5.87847)  30(-3.98114)  32(-9.68531)  33(-6.84859)  36(-7.40571)  41(-5.95066)  44(-8.207)  48(-8.7245)  49(-3.47469)  51(-6.58326)  52(-2.83755)  54(-5.32975)  57(-7.27491)  58(-3.85495)  59(-8.4942)  60(-2.46053)  61(-1.36281)  62(-0.80418)  64(-8.47295)  65(-6.96129)  66(-4.24836)  67(-2.9493)  68(-1.91882)  69(-1.47516)  70(-1.02405)  72(-9.62894)  73(-5.93264)  76(-5.21924)  77(-3.36963)  78(-2.72662)  80(-9.26316)  81(-6.93304)  83(-9.04782)  84(-6.02699)  86(-6.94805)  88(-9.95788)  89(-4.68454)  92(-7.24317)  
the number of strong unbalanced bit is 57
bit index: 55
strong unbalanced bits are 0(-4.37559)  2(-7.49115)  4(-4.66813)  5(-2.65209)  7(-4.0947)  10(-6.07621)  11(-4.32566)  13(-4.78894)  14(-2.02969)  15(-0.845443)  17(-9.93125)  18(-5.57755)  19(-5.93972)  20(-3.3473)  21(-2.41523)  22(-1.56016)  23(-1.06529)  25(-6.16786)  26(-5.4485)  29(-5.98858)  30(-5.53314)  31(-3.29694)  33(-7.56846)  34(-4.62444)  36(-8.23272)  37(-6.79241)  41(-7.49412)  42(-4.27369)  44(-9.48239)  45(-5.82399)  47(-9.1229)  48(-3.3454)  50(-2.93835)  52(-3.09462)  53(-1.95122)  55(-3.30973)  58(-5.2629)  59(-3.63027)  60(-5.83643)  61(-1.89432)  62(-1.05708)  63(-0.559416)  65(-9.79594)  66(-5.51258)  67(-3.57352)  68(-2.32438)  69(-1.77194)  70(-1.22638)  71(-0.841368)  73(-6.11738)  74(-5.4343)  77(-4.54316)  78(-3.47575)  79(-2.39633)  81(-7.61851)  82(-4.55664)  84(-6.64791)  85(-5.35476)  87(-5.76089)  89(-5.50495)  90(-3.20811)  92(-8.90982)  93(-5.176)  95(-8.82966)  
the number of strong unbalanced bit is 64
bit index: 56
strong unbalanced bits are 0(-8.78305)  5(-9.36052)  6(-6.13555)  8(-7.70922)  11(-9.7164)  12(-6.08233)  13(-8.7864)  14(-7.47506)  15(-3.55836)  16(-2.23136)  19(-7.45248)  20(-7.07347)  21(-4.88984)  22(-3.19717)  23(-2.29058)  24(-1.65646)  26(-9.38846)  27(-8.05729)  30(-8.21191)  31(-6.74578)  32(-4.5721)  35(-7.68191)  38(-9.27759)  43(-8.10436)  46(-9.42458)  48(-7.76185)  51(-6.65207)  53(-7.03644)  54(-4.68622)  56(-6.38564)  59(-8.73099)  60(-4.65397)  61(-6.60869)  62(-2.94095)  63(-1.57368)  64(-0.993971)  67(-7.41274)  68(-4.57428)  69(-3.53275)  70(-2.51772)  71(-1.82591)  72(-1.25522)  74(-9.23861)  75(-8.08137)  77(-9.17349)  78(-6.13129)  79(-4.33573)  80(-3.07066)  83(-7.58594)  85(-9.29551)  86(-7.14348)  88(-7.81529)  91(-7.03575)  94(-7.44136)  
the number of strong unbalanced bit is 54
bit index: 57
strong unbalanced bits are 1(-9.24451)  6(-9.66379)  7(-6.02798)  9(-7.64321)  12(-8.79783)  13(-6.65759)  14(-8.77472)  15(-6.90904)  16(-3.57175)  17(-2.29153)  20(-6.36005)  21(-7.0354)  22(-4.44742)  23(-3.14867)  24(-2.2742)  25(-1.56006)  28(-7.51082)  31(-7.72663)  32(-6.70944)  33(-4.32593)  36(-6.87314)  39(-9.10229)  41(-9.49145)  44(-8.4886)  47(-8.48712)  49(-7.8768)  52(-7.68891)  54(-7.17071)  55(-4.55182)  57(-6.3881)  60(-7.63263)  61(-5.23939)  62(-6.69595)  63(-2.63588)  64(-1.56973)  65(-1.06794)  68(-6.28919)  69(-4.7338)  70(-3.35138)  71(-2.45916)  72(-1.69171)  73(-1.18791)  76(-7.48486)  78(-9.39768)  79(-6.01457)  80(-4.179)  81(-2.75018)  83(-9.94454)  84(-6.72406)  86(-9.25532)  87(-7.44689)  89(-5.88638)  92(-7.45517)  95(-7.00512)  
the number of strong unbalanced bit is 54
bit index: 58
strong unbalanced bits are 0(-6.72276)  7(-9.35204)  8(-5.9604)  10(-7.4273)  13(-9.61294)  14(-6.56295)  15(-8.69698)  16(-7.28237)  17(-3.65243)  18(-2.27895)  21(-6.80661)  22(-6.68218)  23(-4.51631)  24(-3.16089)  25(-2.12767)  26(-1.44377)  29(-7.3505)  32(-7.92349)  33(-6.06775)  34(-4.04015)  37(-7.50378)  40(-8.92316)  42(-9.80179)  45(-7.90878)  48(-5.65201)  50(-9.30265)  53(-6.74397)  55(-6.95299)  56(-4.6053)  58(-6.2381)  61(-8.61965)  62(-5.15689)  63(-6.15476)  64(-2.62369)  65(-1.68225)  66(-1.09603)  69(-6.7223)  70(-4.46344)  71(-3.34673)  72(-2.29445)  73(-1.59434)  74(-1.11831)  77(-7.35894)  79(-9.56581)  80(-5.89156)  81(-3.67877)  82(-2.48556)  84(-9.90225)  85(-7.36742)  87(-9.60487)  88(-7.27178)  90(-6.00359)  93(-7.04366)  95(-9.5874)  
the number of strong unbalanced bit is 54
bit index: 59
strong unbalanced bits are 1(-6.50577)  8(-9.12211)  9(-5.81679)  11(-8.06764)  15(-6.1872)  16(-8.77995)  17(-7.62871)  18(-3.80467)  19(-2.31589)  21(-9.80738)  22(-6.67034)  23(-7.63002)  24(-5.05571)  25(-3.2529)  26(-2.18162)  27(-1.52758)  30(-7.74564)  33(-7.34217)  34(-6.54964)  35(-4.32071)  38(-7.52544)  41(-7.98131)  46(-8.22713)  49(-5.01642)  51(-8.73913)  54(-6.97665)  56(-6.98582)  57(-4.59145)  59(-6.54824)  62(-8.98797)  63(-4.72161)  64(-6.31172)  65(-2.94085)  66(-1.82012)  67(-1.11659)  69(-9.72258)  70(-6.58819)  71(-5.085)  72(-3.36044)  73(-2.28956)  74(-1.62492)  75(-1.10806)  78(-7.74648)  80(-9.14807)  81(-5.50945)  82(-3.77919)  83(-2.64711)  86(-7.387)  88(-9.34704)  89(-6.31752)  91(-9.10258)  94(-7.23513)  
the number of strong unbalanced bit is 52
bit index: 60
strong unbalanced bits are 1(-9.79721)  2(-7.1894)  9(-8.95669)  10(-5.92318)  12(-7.57457)  15(-8.79922)  16(-6.2453)  17(-8.91432)  18(-7.7494)  19(-3.74522)  20(-2.27754)  23(-6.91874)  24(-6.65361)  25(-4.17017)  26(-2.80486)  27(-2.01052)  28(-1.45157)  30(-9.66581)  31(-7.64021)  34(-7.65878)  35(-6.32468)  36(-4.06773)  39(-8.12668)  42(-8.20827)  44(-9.90614)  47(-7.72955)  49(-7.62408)  50(-5.84487)  52(-9.12796)  55(-6.20262)  57(-6.99524)  58(-4.4624)  60(-6.3285)  63(-7.58241)  64(-4.7968)  65(-6.54894)  66(-3.00382)  67(-1.70983)  68(-1.01906)  71(-6.83582)  72(-4.34999)  73(-2.87749)  74(-2.09588)  75(-1.44448)  76(-0.96803)  78(-9.65702)  79(-7.63093)  81(-8.53512)  82(-5.53536)  83(-3.6727)  84(-2.32519)  87(-8.07506)  89(-8.57888)  90(-6.51648)  92(-7.16424)  95(-6.47573)  
the number of strong unbalanced bit is 56
bit index: 61
strong unbalanced bits are 0(-5.33744)  3(-7.11694)  10(-9.53601)  11(-6.25806)  13(-7.76651)  16(-8.81466)  17(-6.48526)  18(-8.5788)  19(-7.13566)  20(-3.54071)  21(-2.24399)  24(-6.31097)  25(-6.01423)  26(-4.02073)  27(-2.84755)  28(-2.03887)  29(-1.37172)  32(-7.39088)  35(-6.84442)  36(-5.89334)  37(-4.11186)  40(-7.43571)  43(-8.65878)  48(-3.17212)  50(-8.84431)  51(-6.87028)  53(-9.22643)  56(-6.93089)  58(-6.80173)  59(-4.57409)  61(-6.49344)  64(-7.61973)  65(-5.01128)  66(-6.58999)  67(-2.76504)  68(-1.56058)  69(-1.02512)  72(-6.2708)  73(-3.86424)  74(-2.83188)  75(-1.96561)  76(-1.33116)  77(-0.960665)  80(-7.33009)  82(-8.47806)  83(-5.22736)  84(-3.27453)  85(-2.43758)  87(-9.98591)  88(-7.41763)  90(-8.55431)  91(-7.02903)  93(-6.89424)  95(-9.32827)  
the number of strong unbalanced bit is 54
bit index: 62
strong unbalanced bits are 0(-8.84341)  1(-4.97016)  4(-6.57582)  6(-8.6059)  12(-5.33675)  14(-7.57068)  17(-9.58957)  18(-6.37242)  19(-9.01544)  20(-7.24313)  21(-3.57702)  22(-2.21934)  25(-5.26748)  26(-6.1817)  27(-4.08318)  28(-2.84207)  29(-1.88947)  30(-1.47319)  33(-6.54769)  36(-5.90724)  37(-6.01223)  38(-3.85098)  41(-5.6094)  44(-7.97254)  48(-5.33324)  49(-3.28179)  52(-5.9584)  54(-8.8174)  57(-6.813)  59(-6.91663)  60(-4.4539)  62(-6.37458)  65(-8.37716)  66(-4.98059)  67(-6.47926)  68(-2.59359)  69(-1.58617)  70(-0.985829)  73(-5.19084)  74(-3.8087)  75(-2.68893)  76(-1.83454)  77(-1.32933)  78(-1.1191)  81(-6.58756)  83(-8.86584)  84(-4.75982)  85(-3.42625)  86(-2.35287)  89(-5.53431)  91(-8.57498)  92(-6.87315)  94(-7.15473)  
the number of strong unbalanced bit is 53
bit index: 63
strong unbalanced bits are 1(-8.22687)  2(-5.5573)  4(-9.63682)  5(-6.12018)  7(-8.34587)  12(-7.86739)  13(-5.46981)  15(-7.78514)  18(-8.83044)  19(-6.1669)  20(-8.56713)  21(-7.29717)  22(-3.47177)  23(-2.09596)  25(-7.12567)  26(-5.63461)  27(-6.5304)  28(-4.34028)  29(-2.79778)  30(-2.14973)  31(-1.51362)  33(-8.60733)  34(-6.01826)  36(-8.50864)  37(-6.38244)  38(-5.85923)  39(-3.94349)  41(-7.38723)  42(-5.73457)  44(-9.11074)  45(-7.30963)  47(-9.06025)  49(-5.63043)  50(-4.43322)  52(-8.72565)  53(-5.37599)  55(-7.62605)  58(-5.70169)  60(-6.7193)  61(-4.59366)  63(-6.40747)  66(-7.66533)  67(-4.69955)  68(-6.03108)  69(-2.67349)  70(-1.58135)  71(-0.979389)  73(-7.00138)  74(-5.58421)  75(-3.87681)  76(-2.66297)  77(-1.92546)  78(-1.62791)  79(-1.20236)  81(-8.72854)  82(-5.98265)  84(-7.39721)  85(-5.00038)  86(-3.41129)  87(-2.56211)  89(-7.31848)  90(-5.65133)  92(-8.15062)  93(-6.24818)  95(-5.90909)  
the number of strong unbalanced bit is 65
bit index: 64
strong unbalanced bits are 3(-7.26825)  6(-9.55945)  13(-9.33837)  14(-6.1547)  16(-8.11189)  19(-9.90265)  20(-6.16969)  21(-8.7995)  22(-7.42449)  23(-3.62322)  24(-2.23682)  27(-6.50623)  28(-6.65386)  29(-4.32244)  30(-3.31585)  31(-2.37524)  32(-1.6885)  35(-6.97104)  38(-7.53112)  39(-6.41295)  40(-4.1451)  42(-9.96821)  43(-8.42873)  46(-9.14953)  48(-6.36523)  50(-9.26886)  51(-6.19516)  53(-9.27995)  54(-7.21206)  56(-9.37302)  59(-7.87944)  61(-7.19761)  62(-4.70458)  64(-6.51279)  67(-8.58525)  68(-4.67685)  69(-6.59309)  70(-2.82624)  71(-1.64885)  72(-1.0231)  75(-6.42421)  76(-4.22739)  77(-3.03175)  78(-2.55075)  79(-1.88914)  80(-1.34989)  83(-6.90342)  85(-8.8395)  86(-5.71811)  87(-4.15695)  88(-2.80302)  90(-9.76039)  91(-8.34925)  93(-9.59459)  94(-7.73656)  
the number of strong unbalanced bit is 55
bit index: 65
strong unbalanced bits are 4(-8.2481)  7(-8.38037)  14(-9.33896)  15(-6.03716)  17(-7.58887)  20(-8.89875)  21(-6.52288)  22(-8.77005)  23(-7.2695)  24(-3.52836)  25(-2.19538)  27(-9.92969)  28(-6.22628)  29(-6.67516)  30(-4.85808)  31(-3.24913)  32(-2.30508)  33(-1.5808)  35(-8.93784)  36(-6.38821)  39(-7.69343)  40(-6.34053)  41(-3.91569)  44(-8.12059)  47(-8.71687)  49(-6.74573)  51(-8.75131)  52(-7.0322)  55(-6.71759)  57(-9.40009)  60(-6.45218)  62(-7.16791)  63(-4.59354)  65(-6.32544)  68(-7.84084)  69(-5.11173)  70(-6.54572)  71(-2.71731)  72(-1.55903)  73(-0.964856)  75(-9.90339)  76(-6.15688)  77(-4.05607)  78(-3.43237)  79(-2.49223)  80(-1.79053)  81(-1.21668)  83(-8.83044)  84(-6.30523)  87(-6.07302)  88(-3.89897)  89(-2.38489)  92(-8.04835)  94(-9.76902)  95(-7.28721)  
the number of strong unbalanced bit is 55
bit index: 66
strong unbalanced bits are 0(-8.01718)  5(-7.71835)  8(-8.37344)  15(-9.47834)  16(-6.17805)  18(-7.75857)  21(-9.34231)  22(-6.23462)  23(-8.87151)  24(-7.22635)  25(-3.50124)  26(-2.13376)  28(-9.24424)  29(-5.86594)  30(-7.24427)  31(-4.66736)  32(-3.3305)  33(-2.26595)  34(-1.57886)  36(-8.4664)  37(-7.28226)  40(-7.13288)  41(-5.98465)  42(-3.91059)  45(-7.92802)  48(-6.62612)  50(-6.32464)  53(-6.54672)  55(-9.78556)  56(-6.86047)  58(-9.91192)  61(-8.06062)  63(-7.0112)  64(-4.63565)  66(-6.40247)  69(-8.10986)  70(-4.76841)  71(-6.31459)  72(-2.65951)  73(-1.55457)  74(-0.94049)  76(-9.1147)  77(-5.7832)  78(-4.81413)  79(-3.4713)  80(-2.49303)  81(-1.67976)  82(-1.09796)  84(-8.32651)  85(-7.22808)  88(-5.66079)  89(-3.46926)  90(-2.47051)  93(-7.86175)  95(-9.45021)  
the number of strong unbalanced bit is 55
bit index: 67
strong unbalanced bits are 1(-7.54698)  3(-9.58118)  6(-7.90205)  9(-8.13602)  16(-9.31826)  17(-6.10858)  19(-7.74656)  22(-9.35536)  23(-6.30149)  24(-8.59419)  25(-7.19455)  26(-3.47426)  27(-2.11933)  29(-9.23213)  30(-6.52986)  31(-7.28957)  32(-4.58174)  33(-3.04541)  34(-2.11414)  35(-1.37257)  38(-7.1836)  41(-6.92507)  42(-5.95222)  43(-3.94697)  46(-7.91213)  49(-5.84851)  51(-6.74903)  53(-9.84547)  54(-6.84415)  56(-9.28249)  57(-7.06546)  62(-7.70232)  64(-7.03958)  65(-4.63716)  67(-6.39222)  70(-8.17704)  71(-4.8146)  72(-6.28552)  73(-2.62539)  74(-1.48028)  75(-0.874898)  77(-9.09169)  78(-6.47384)  79(-4.62105)  80(-3.26415)  81(-2.18219)  82(-1.44823)  83(-1.02198)  86(-7.11151)  88(-9.01947)  89(-5.03282)  90(-3.54927)  91(-2.64684)  94(-7.8167)  
the number of strong unbalanced bit is 54
bit index: 68
strong unbalanced bits are 2(-8.18785)  7(-7.93297)  10(-8.2343)  17(-9.2426)  18(-6.16258)  20(-7.49105)  23(-9.31823)  24(-6.07274)  25(-8.33346)  26(-7.1447)  27(-3.39587)  28(-2.09566)  30(-9.49017)  31(-6.70864)  32(-7.067)  33(-4.31231)  34(-3.02875)  35(-1.9326)  36(-1.21905)  38(-9.54615)  39(-7.99133)  42(-7.68479)  43(-6.30268)  44(-4.00858)  47(-7.42793)  49(-8.14508)  50(-6.33036)  52(-8.41068)  55(-6.56502)  58(-6.97523)  60(-9.15533)  63(-6.48303)  65(-7.02861)  66(-4.7313)  68(-6.25253)  71(-8.10067)  72(-4.61807)  73(-6.25212)  74(-2.53904)  75(-1.42955)  76(-0.856337)  78(-9.36216)  79(-6.65839)  80(-4.4631)  81(-2.98375)  82(-1.98686)  83(-1.40956)  84(-0.93001)  86(-9.3854)  87(-7.96761)  89(-9.25961)  90(-5.41324)  91(-3.94593)  92(-2.81946)  95(-7.26561)  
the number of strong unbalanced bit is 55
bit index: 69
strong unbalanced bits are 0(-5.55404)  3(-7.88835)  8(-7.91224)  11(-9.31171)  18(-9.49957)  19(-6.23386)  21(-7.62675)  24(-9.16857)  25(-5.97587)  26(-8.82651)  27(-7.18534)  28(-3.35836)  29(-2.09517)  32(-6.76768)  33(-6.55693)  34(-4.80304)  35(-2.94434)  36(-1.8358)  37(-1.39326)  40(-7.47701)  43(-7.70572)  44(-6.88725)  45(-4.69968)  48(-5.46757)  50(-8.41119)  51(-7.81108)  53(-7.17928)  56(-6.56067)  59(-7.29544)  64(-6.96592)  66(-7.23813)  67(-4.66112)  69(-6.33115)  72(-7.86858)  73(-4.57125)  74(-6.16465)  75(-2.50646)  76(-1.4252)  77(-0.899798)  80(-6.67049)  81(-4.23586)  82(-2.90902)  83(-2.0502)  84(-1.37163)  85(-1.03343)  88(-7.48634)  91(-6.11928)  92(-4.22212)  93(-2.92815)  
the number of strong unbalanced bit is 49
bit index: 70
strong unbalanced bits are 0(-8.786)  1(-5.44212)  3(-9.68837)  4(-7.50826)  6(-9.56946)  9(-7.23821)  12(-8.55785)  19(-9.41387)  20(-6.1254)  22(-7.62913)  25(-8.27262)  26(-5.88195)  27(-8.66854)  28(-7.05057)  29(-3.38981)  30(-2.15541)  32(-8.40828)  33(-5.44425)  34(-6.21561)  35(-3.9073)  36(-2.48237)  37(-1.88289)  38(-1.36475)  40(-8.85821)  41(-5.97089)  44(-7.0072)  45(-6.28499)  46(-4.04708)  48(-8.29815)  49(-5.23975)  52(-6.87167)  54(-7.42307)  56(-9.1999)  57(-6.78305)  59(-9.9501)  60(-6.64522)  65(-6.97528)  67(-7.07764)  68(-4.622)  70(-6.36917)  73(-7.05576)  74(-4.3901)  75(-6.04258)  76(-2.44377)  77(-1.44235)  78(-1.0124)  80(-8.23839)  81(-5.36307)  82(-3.73993)  83(-2.685)  84(-1.83915)  85(-1.41387)  86(-1.05393)  88(-8.83995)  89(-5.90287)  91(-8.86154)  92(-5.62805)  93(-3.96234)  94(-2.83273)  
the number of strong unbalanced bit is 59
bit index: 71
strong unbalanced bits are 1(-9.01475)  2(-6.18046)  5(-7.7911)  7(-9.91623)  10(-7.5433)  13(-9.00744)  20(-9.34089)  21(-6.14526)  23(-7.91701)  26(-8.88432)  27(-5.95643)  28(-8.64664)  29(-7.21357)  30(-3.59872)  31(-2.20748)  33(-7.63623)  34(-5.32947)  35(-5.75034)  36(-3.54433)  37(-2.76061)  38(-2.02882)  39(-1.49106)  41(-8.31098)  42(-6.33548)  45(-7.41499)  46(-6.15572)  47(-3.96403)  49(-8.3271)  50(-6.01093)  52(-9.22097)  53(-6.5483)  55(-6.43212)  58(-6.81039)  60(-9.48454)  61(-7.71552)  63(-9.42807)  66(-9.55864)  68(-7.04554)  69(-4.67237)  71(-6.46171)  74(-7.50073)  75(-4.44533)  76(-6.09551)  77(-2.48785)  78(-1.64562)  79(-1.05713)  81(-7.51095)  82(-5.26157)  83(-3.86245)  84(-2.62312)  85(-2.05946)  86(-1.54816)  87(-1.2108)  89(-8.16769)  90(-6.28572)  92(-9.41473)  93(-5.92982)  94(-4.11907)  95(-2.85647)  
the number of strong unbalanced bit is 59
bit index: 72
strong unbalanced bits are 0(-4.29209)  3(-7.38648)  6(-9.69352)  11(-8.27342)  14(-9.04632)  21(-9.34744)  22(-6.19577)  24(-7.62566)  27(-9.40418)  28(-6.13881)  29(-8.6528)  30(-7.83785)  31(-3.7242)  32(-2.28241)  35(-6.53696)  36(-6.76062)  37(-4.62094)  38(-3.23389)  39(-2.32535)  40(-1.65859)  42(-9.68832)  43(-8.43078)  46(-8.34512)  47(-6.7215)  48(-2.34215)  51(-7.25551)  53(-9.31802)  54(-7.61321)  56(-8.04848)  59(-6.964)  62(-7.47477)  64(-9.85792)  67(-6.98173)  69(-7.08481)  70(-4.69785)  72(-6.35276)  75(-8.31821)  76(-4.66767)  77(-6.11947)  78(-2.94989)  79(-1.74232)  80(-1.09264)  83(-6.47605)  84(-4.05463)  85(-3.17489)  86(-2.36724)  87(-1.83433)  88(-1.28145)  90(-9.51142)  91(-8.44466)  94(-6.49914)  95(-4.36361)  
the number of strong unbalanced bit is 52
bit index: 73
strong unbalanced bits are 0(-7.08432)  1(-4.32304)  4(-8.28706)  7(-9.09216)  12(-7.8026)  15(-8.62033)  22(-9.23318)  23(-6.07421)  25(-7.79165)  28(-9.13971)  29(-5.87164)  30(-8.71167)  31(-7.42373)  32(-3.61392)  33(-2.21718)  35(-9.60338)  36(-5.2365)  37(-6.84167)  38(-4.6971)  39(-3.1855)  40(-2.22368)  41(-1.50923)  44(-8.07989)  47(-7.67964)  48(-3.39677)  49(-2.25485)  52(-8.09987)  54(-9.47247)  55(-7.19481)  57(-7.41687)  59(-9.53843)  60(-6.64336)  63(-7.01044)  65(-9.86387)  68(-6.82626)  70(-7.11958)  71(-4.64245)  73(-6.43651)  76(-7.73105)  77(-4.37997)  78(-6.67305)  79(-2.83804)  80(-1.65958)  81(-1.02504)  83(-9.51418)  84(-5.15647)  85(-4.38267)  86(-3.2044)  87(-2.44825)  88(-1.68106)  89(-1.08329)  92(-8.06585)  94(-9.74164)  95(-6.31825)  
the number of strong unbalanced bit is 54
bit index: 74
strong unbalanced bits are 0(-7.54564)  1(-7.39403)  2(-4.6479)  5(-7.95108)  8(-9.08695)  13(-8.67709)  16(-8.66287)  23(-9.41897)  24(-6.20887)  26(-7.62686)  29(-8.42107)  30(-6.51706)  31(-8.82368)  32(-7.17019)  33(-3.59291)  34(-2.16368)  36(-8.86403)  37(-6.32352)  38(-6.9948)  39(-4.68102)  40(-3.21037)  41(-2.1716)  42(-1.51764)  45(-8.21285)  48(-5.24731)  49(-3.43988)  50(-2.34516)  53(-7.80905)  55(-9.18812)  56(-7.39972)  58(-7.10525)  60(-9.77825)  61(-7.64585)  64(-6.93772)  69(-7.6224)  71(-7.05115)  72(-4.62283)  74(-6.32513)  77(-7.14007)  78(-5.17377)  79(-6.55883)  80(-2.79963)  81(-1.61824)  82(-0.945649)  84(-8.73172)  85(-6.24975)  86(-4.72265)  87(-3.50797)  88(-2.34585)  89(-1.52215)  90(-1.05386)  93(-8.20404)  
the number of strong unbalanced bit is 52
bit index: 75
strong unbalanced bits are 1(-7.10222)  2(-6.60252)  3(-3.37954)  6(-8.00856)  9(-8.83031)  11(-9.99482)  14(-8.0354)  17(-9.10271)  24(-9.4104)  25(-6.10431)  27(-7.60708)  30(-9.30976)  31(-6.38724)  32(-8.66971)  33(-7.24274)  34(-3.4772)  35(-2.14801)  38(-6.51116)  39(-6.76141)  40(-4.22713)  41(-2.87124)  42(-2.01531)  43(-1.40186)  46(-7.68306)  48(-7.90404)  49(-4.81211)  50(-3.16285)  51(-2.37402)  54(-8.01044)  56(-9.44703)  57(-7.34487)  59(-6.65505)  62(-7.04803)  64(-9.37434)  65(-6.88651)  67(-9.46654)  70(-7.13303)  72(-7.00477)  73(-4.65338)  75(-6.31087)  78(-8.39935)  79(-4.98859)  80(-6.35991)  81(-2.65593)  82(-1.4658)  83(-0.903055)  86(-6.45072)  87(-4.65274)  88(-3.01951)  89(-1.9861)  90(-1.39478)  91(-1.05338)  94(-7.65237)  
the number of strong unbalanced bit is 53
bit index: 76
strong unbalanced bits are 2(-7.15198)  3(-6.34094)  4(-4.38621)  7(-7.75979)  10(-9.1153)  15(-8.00921)  18(-9.64613)  25(-9.31105)  26(-6.08055)  28(-7.71486)  31(-9.33639)  32(-6.29796)  33(-8.47812)  34(-7.00795)  35(-3.44461)  36(-2.10579)  39(-7.21444)  40(-6.75262)  41(-4.48028)  42(-3.0707)  43(-2.13377)  44(-1.43379)  46(-9.18198)  47(-7.70751)  49(-7.81671)  50(-5.03302)  51(-3.70509)  52(-2.97268)  55(-7.80219)  57(-9.63082)  58(-7.31521)  60(-6.48199)  62(-9.95056)  63(-6.85941)  65(-9.40002)  66(-7.63187)  68(-9.72384)  71(-6.59288)  73(-7.07352)  74(-4.61548)  76(-6.44502)  79(-8.13435)  80(-4.85854)  81(-6.32895)  82(-2.52863)  83(-1.48119)  84(-0.864174)  87(-7.16955)  88(-4.43921)  89(-2.92041)  90(-2.07501)  91(-1.58414)  92(-1.16664)  94(-9.14959)  95(-7.64077)  
the number of strong unbalanced bit is 55
bit index: 77
strong unbalanced bits are 0(-6.42689)  3(-6.82694)  4(-7.11772)  5(-4.65314)  8(-8.06077)  11(-9.45334)  16(-8.17306)  19(-9.3498)  26(-9.21265)  27(-6.08497)  29(-7.89739)  32(-9.2126)  33(-6.06644)  34(-8.52196)  35(-7.19242)  36(-3.41292)  37(-2.10368)  40(-6.21284)  41(-6.64872)  42(-4.50807)  43(-3.05101)  44(-2.05265)  45(-1.55086)  48(-6.44845)  50(-8.59043)  51(-5.90458)  52(-4.45085)  53(-2.73229)  56(-8.02701)  58(-9.36827)  59(-7.40984)  61(-9.23045)  64(-6.84055)  67(-7.29053)  72(-6.84085)  74(-6.99313)  75(-4.59289)  77(-6.43841)  80(-8.07396)  81(-4.64702)  82(-6.10841)  83(-2.56567)  84(-1.41981)  85(-0.90107)  88(-6.1489)  89(-4.10535)  90(-2.90996)  91(-2.24847)  92(-1.66145)  93(-1.29178)  
the number of strong unbalanced bit is 50
bit index: 78
strong unbalanced bits are 0(-7.94732)  1(-5.7362)  4(-7.76126)  5(-7.81565)  6(-3.54335)  9(-7.96978)  12(-8.75582)  17(-7.67424)  20(-8.69845)  27(-9.2077)  28(-6.10031)  30(-7.89657)  33(-8.58672)  34(-5.77866)  35(-8.48882)  36(-7.07719)  37(-3.38498)  38(-2.10516)  41(-5.68625)  42(-6.36559)  43(-4.11226)  44(-2.71138)  45(-2.06145)  46(-1.49678)  48(-7.81295)  49(-5.6275)  52(-6.3458)  53(-3.64878)  54(-2.72323)  57(-7.97526)  59(-9.4648)  60(-6.90583)  62(-7.78362)  64(-9.24287)  65(-6.61588)  68(-6.8826)  70(-9.59551)  73(-7.50975)  75(-6.95348)  76(-4.58435)  78(-6.48443)  81(-7.52228)  82(-4.28467)  83(-6.15591)  84(-2.38171)  85(-1.41176)  86(-0.900091)  89(-5.62273)  90(-3.88342)  91(-2.97218)  92(-2.18254)  93(-1.72455)  94(-1.28132)  
the number of strong unbalanced bit is 53
bit index: 79
strong unbalanced bits are 1(-8.21695)  2(-6.30978)  5(-6.37263)  6(-5.51057)  7(-3.92949)  10(-7.89495)  13(-9.03247)  15(-9.84525)  18(-8.45323)  21(-8.99649)  28(-9.3886)  29(-6.17295)  31(-7.76507)  34(-8.91755)  35(-5.98622)  36(-8.52928)  37(-7.17503)  38(-3.46739)  39(-2.13956)  41(-7.79961)  42(-5.6404)  43(-6.56032)  44(-4.2887)  45(-3.27694)  46(-2.36301)  47(-1.66999)  49(-7.92774)  50(-6.28873)  52(-9.21296)  53(-5.32152)  54(-4.00373)  55(-2.73975)  58(-7.92874)  60(-9.00104)  61(-7.8689)  63(-6.24973)  66(-7.40098)  68(-9.90432)  69(-7.13427)  71(-9.54542)  74(-6.57379)  76(-6.9651)  77(-4.59631)  79(-6.40387)  82(-7.55905)  83(-4.5247)  84(-5.91682)  85(-2.55634)  86(-1.5414)  87(-1.02557)  89(-7.67882)  90(-5.56825)  91(-4.41042)  92(-3.27506)  93(-2.61274)  94(-1.94402)  95(-1.37329)  
the number of strong unbalanced bit is 57
bit index: 80
strong unbalanced bits are 0(-1.71981)  3(-7.23288)  6(-7.91733)  7(-6.76322)  8(-4.58564)  11(-7.68823)  14(-9.27635)  19(-8.26386)  22(-8.39555)  29(-9.19394)  30(-6.19768)  32(-7.78652)  35(-8.99794)  36(-5.84272)  37(-8.76943)  38(-7.62188)  39(-3.61256)  40(-2.21916)  42(-9.11719)  43(-7.12258)  44(-7.36469)  45(-5.37951)  46(-3.55931)  47(-2.4455)  48(-0.955611)  51(-7.14889)  53(-8.94995)  54(-5.91992)  55(-4.03479)  56(-3.01279)  59(-7.54621)  61(-9.88867)  62(-7.73018)  64(-6.72982)  67(-7.11133)  69(-9.90627)  70(-7.10456)  72(-9.83589)  75(-6.43413)  77(-6.96206)  78(-4.72821)  80(-6.41937)  83(-7.77819)  84(-4.34327)  85(-6.31999)  86(-2.67721)  87(-1.65184)  88(-1.03525)  90(-8.99832)  91(-7.05225)  92(-4.91755)  93(-3.83559)  94(-2.78859)  95(-1.95312)  
the number of strong unbalanced bit is 54
bit index: 81
strong unbalanced bits are 0(-2.47909)  1(-1.65581)  4(-8.39989)  7(-7.8996)  8(-6.9169)  9(-4.63334)  12(-7.65165)  15(-9.08106)  20(-8.04025)  23(-8.42955)  30(-9.37507)  31(-6.23338)  33(-7.76951)  36(-8.25512)  37(-5.98702)  38(-8.87541)  39(-7.33735)  40(-3.55628)  41(-2.14805)  44(-7.04244)  45(-7.40556)  46(-4.84411)  47(-3.36111)  48(-1.37508)  49(-0.965802)  52(-8.39972)  54(-9.52871)  55(-5.9845)  56(-4.37232)  57(-3.02844)  60(-7.57627)  62(-9.89601)  63(-7.06931)  68(-6.88776)  70(-9.95839)  71(-7.17005)  76(-6.45477)  78(-7.19169)  79(-4.71921)  81(-6.4499)  84(-6.88674)  85(-4.48837)  86(-6.26221)  87(-2.76913)  88(-1.63969)  89(-0.977323)  92(-6.97452)  93(-5.36444)  94(-3.75826)  95(-2.6795)  
the number of strong unbalanced bit is 50
bit index: 82
strong unbalanced bits are 0(-3.324)  1(-2.21863)  2(-1.49372)  5(-6.98017)  8(-8.21234)  9(-6.49827)  10(-4.22543)  13(-8.64944)  16(-8.81532)  21(-8.00413)  24(-8.89283)  31(-9.50806)  32(-6.20532)  34(-7.92684)  37(-8.42758)  38(-6.0762)  39(-8.53102)  40(-7.02581)  41(-3.47378)  42(-2.13075)  44(-9.77153)  45(-7.31473)  46(-7.06436)  47(-4.48551)  48(-1.85648)  49(-1.30142)  50(-0.92323)  53(-6.92872)  56(-6.25868)  57(-4.02503)  58(-2.77106)  60(-9.79744)  61(-8.58994)  63(-9.3149)  64(-7.14808)  66(-8.03742)  69(-6.83399)  72(-6.86149)  74(-9.27274)  77(-6.73651)  79(-7.19111)  80(-4.70987)  82(-6.5157)  85(-7.26932)  86(-4.65161)  87(-6.40458)  88(-2.74948)  89(-1.52774)  90(-0.937083)  92(-9.67251)  93(-7.25006)  94(-5.00917)  95(-3.47588)  
the number of strong unbalanced bit is 53
bit index: 83
strong unbalanced bits are 0(-6.07399)  1(-3.34939)  2(-2.17955)  3(-1.16027)  5(-9.31063)  6(-7.37312)  9(-6.97651)  10(-6.32525)  11(-4.08672)  14(-8.19632)  17(-9.31641)  22(-7.88536)  25(-8.91725)  32(-9.47669)  33(-6.22949)  35(-8.10142)  38(-9.00641)  39(-6.3832)  40(-8.1651)  41(-6.92022)  42(-3.51124)  43(-2.18441)  46(-7.0073)  47(-7.21953)  48(-2.5946)  49(-1.82397)  50(-1.30111)  51(-1.04351)  53(-9.18919)  54(-7.39498)  56(-9.57747)  57(-5.4748)  58(-3.85233)  59(-2.85602)  62(-8.08319)  64(-9.33067)  65(-7.63303)  67(-8.29332)  69(-9.61183)  70(-6.9569)  72(-9.59175)  73(-6.85112)  75(-9.28592)  78(-7.85968)  80(-7.18679)  81(-4.70795)  83(-6.57316)  86(-7.77676)  87(-4.99258)  88(-9.18815)  89(-2.62447)  90(-1.51864)  91(-0.991046)  94(-6.94171)  95(-4.8215)  
the number of strong unbalanced bit is 55
bit index: 84
strong unbalanced bits are 1(-5.72687)  2(-3.48608)  3(-1.7367)  4(-1.47715)  7(-7.79838)  10(-7.60563)  11(-6.67348)  12(-4.51512)  15(-7.62302)  18(-9.60925)  23(-8.05536)  26(-8.10488)  33(-9.45997)  34(-6.13048)  36(-7.78896)  39(-9.88793)  40(-6.35145)  41(-8.45859)  42(-7.28443)  43(-3.56482)  44(-2.25222)  47(-7.22113)  48(-3.86828)  49(-2.69332)  50(-1.91362)  51(-1.5261)  52(-1.32223)  55(-7.80092)  57(-8.31468)  58(-5.76662)  59(-4.20889)  60(-2.60963)  63(-7.57249)  65(-9.82991)  66(-7.97884)  68(-7.20839)  71(-6.90367)  73(-9.58523)  74(-6.69498)  76(-9.25974)  79(-7.77479)  81(-7.17331)  82(-4.64066)  84(-6.36316)  87(-8.74175)  88(-4.88411)  89(-6.41726)  90(-2.6483)  91(-1.61382)  92(-1.05674)  95(-7.15954)  
the number of strong unbalanced bit is 51
bit index: 85
strong unbalanced bits are 0(-5.25328)  2(-5.23306)  3(-2.50246)  4(-2.10467)  5(-1.52987)  8(-7.75397)  11(-7.82649)  12(-6.57346)  13(-4.68862)  16(-7.43682)  19(-9.29278)  24(-7.96271)  27(-8.16098)  34(-9.51597)  35(-6.23755)  37(-7.74025)  40(-9.10131)  41(-6.14237)  42(-8.76072)  43(-7.45781)  44(-3.61101)  45(-2.25744)  47(-9.27956)  48(-5.18754)  49(-3.68976)  50(-2.67686)  51(-2.15262)  52(-1.86065)  53(-1.26782)  56(-7.68265)  58(-8.98857)  59(-6.08911)  60(-3.75988)  61(-3.2374)  63(-9.85536)  64(-7.35256)  66(-9.88868)  67(-7.48031)  69(-7.74532)  72(-6.70754)  74(-9.29875)  75(-6.88209)  77(-9.72343)  80(-7.65915)  82(-7.08309)  83(-4.67933)  85(-6.37618)  88(-7.65372)  89(-4.72382)  90(-6.2294)  91(-2.75159)  92(-1.69545)  93(-1.13143)  95(-9.14471)  
the number of strong unbalanced bit is 54
bit index: 86
strong unbalanced bits are 1(-5.16814)  3(-3.54772)  4(-2.95729)  5(-2.16086)  6(-1.77712)  8(-9.85096)  9(-7.37046)  12(-7.25729)  13(-6.75058)  14(-4.52514)  17(-8.31898)  20(-8.82228)  25(-7.75271)  28(-8.77385)  35(-9.30604)  36(-6.0323)  38(-7.59949)  41(-8.92805)  42(-6.1097)  43(-9.1004)  44(-7.4493)  45(-3.73158)  46(-2.27664)  49(-5.10826)  50(-3.77824)  51(-3.00489)  52(-2.57581)  53(-1.74144)  54(-1.37711)  56(-9.51885)  57(-7.39488)  59(-9.91604)  60(-5.45793)  61(-4.58689)  62(-3.27688)  65(-8.19905)  67(-9.64895)  68(-7.24223)  70(-8.5197)  72(-9.69648)  73(-6.52398)  75(-9.7202)  76(-6.63459)  81(-7.69661)  83(-7.09039)  84(-4.58757)  86(-6.30787)  89(-7.72482)  90(-4.68432)  91(-6.33612)  92(-2.83074)  93(-1.78496)  94(-1.14143)  
the number of strong unbalanced bit is 53
bit index: 87
strong unbalanced bits are 1(-7.49552)  2(-5.68931)  3(-5.40537)  4(-4.15783)  5(-2.93463)  6(-2.36985)  7(-1.583)  9(-9.11364)  10(-7.57406)  13(-8.54765)  14(-7.08383)  15(-4.36277)  18(-8.46096)  21(-9.08041)  26(-7.74354)  29(-8.59142)  36(-9.09755)  37(-6.04018)  39(-7.72112)  42(-8.77807)  43(-6.34931)  44(-8.65297)  45(-7.54758)  46(-3.72522)  47(-2.28555)  49(-7.37416)  50(-5.63815)  51(-4.31944)  52(-3.51013)  53(-2.30069)  54(-1.81519)  55(-1.20283)  57(-9.1018)  58(-7.53567)  60(-9.04409)  61(-6.93603)  62(-4.60946)  63(-2.60131)  66(-8.36525)  68(-9.25294)  69(-7.48858)  71(-8.93532)  73(-9.10283)  74(-6.56018)  76(-9.25184)  77(-6.91682)  82(-6.60723)  84(-6.93742)  85(-4.56824)  87(-6.41525)  90(-7.67242)  91(-4.85635)  92(-6.48623)  93(-2.90394)  94(-1.72276)  95(-1.0539)  
the number of strong unbalanced bit is 56
bit index: 88
strong unbalanced bits are 0(-2.18938)  2(-8.99052)  3(-6.6665)  4(-7.14197)  5(-4.52839)  6(-3.62351)  7(-2.38862)  8(-1.70889)  10(-9.71767)  11(-7.4478)  14(-8.65306)  15(-6.61247)  16(-4.47138)  19(-8.37215)  22(-8.93611)  27(-7.85807)  30(-9.61002)  37(-9.3564)  38(-6.131)  40(-7.89079)  44(-6.52768)  45(-8.93287)  46(-7.54241)  47(-3.66579)  48(-0.617205)  50(-8.84877)  51(-6.62817)  52(-5.10004)  53(-3.25012)  54(-2.58572)  55(-1.73758)  56(-1.31983)  58(-9.56772)  59(-7.38769)  62(-6.78926)  63(-3.68396)  64(-2.73172)  67(-8.33996)  69(-9.5626)  70(-7.63232)  72(-7.09024)  74(-9.57455)  75(-6.71014)  78(-7.54865)  83(-7.07475)  85(-6.95082)  86(-4.60151)  88(-6.51599)  91(-8.90859)  92(-5.06685)  93(-6.87432)  94(-2.99093)  95(-1.72796)  
the number of strong unbalanced bit is 53
bit index: 89
strong unbalanced bits are 0(-2.99108)  1(-2.19788)  3(-9.48978)  4(-6.64134)  5(-6.74032)  6(-4.96741)  7(-3.28728)  8(-2.32804)  9(-1.65698)  12(-7.2175)  15(-6.76962)  16(-6.23102)  17(-4.38014)  20(-7.94984)  23(-9.12321)  28(-8.01271)  31(-9.33641)  38(-9.24447)  39(-6.11912)  41(-7.89499)  44(-9.5324)  45(-6.77886)  46(-8.91688)  47(-7.21182)  48(-0.96842)  49(-0.672102)  51(-9.47751)  52(-6.58616)  53(-4.11704)  54(-3.40355)  55(-2.35309)  56(-1.77787)  57(-1.31904)  60(-7.18788)  63(-5.01342)  64(-3.766)  65(-3.13619)  68(-7.83663)  70(-9.75893)  71(-7.53716)  73(-6.50932)  76(-6.64217)  79(-7.36544)  84(-6.48119)  86(-6.977)  87(-4.66625)  89(-6.44944)  92(-8.41879)  93(-5.41317)  94(-6.74281)  95(-2.84262)  
the number of strong unbalanced bit is 51
bit index: 90
strong unbalanced bits are 0(-5.88834)  1(-3.02708)  2(-2.16128)  5(-6.29105)  6(-7.00228)  7(-4.81841)  8(-3.35755)  9(-2.39562)  10(-1.75319)  13(-8.79675)  16(-7.52244)  17(-7.22605)  18(-4.86643)  21(-8.28198)  24(-9.29231)  29(-8.18976)  32(-9.30126)  39(-9.20132)  40(-6.1847)  42(-7.60226)  45(-9.83715)  46(-6.56262)  47(-9.07597)  48(-1.62764)  49(-1.11909)  50(-0.785738)  53(-6.23427)  54(-4.78987)  55(-3.3783)  56(-2.52173)  57(-1.87691)  58(-1.33226)  61(-8.84096)  63(-8.61043)  64(-5.88352)  65(-4.78279)  66(-3.46936)  69(-8.17204)  71(-9.71441)  72(-7.2682)  74(-7.6775)  76(-9.87684)  77(-7.00534)  80(-7.54554)  82(-9.71047)  85(-6.48021)  87(-7.06258)  88(-4.66155)  90(-6.3219)  93(-8.75621)  94(-5.17449)  95(-6.53385)  
the number of strong unbalanced bit is 52
bit index: 91
strong unbalanced bits are 0(-9.77395)  1(-5.9499)  2(-3.06873)  3(-2.05238)  6(-6.87281)  7(-7.31139)  8(-4.84445)  9(-3.31566)  10(-2.41478)  11(-1.82104)  14(-8.48287)  17(-8.89239)  18(-7.25109)  19(-5.07077)  22(-8.62783)  25(-8.96828)  30(-8.69668)  33(-9.65393)  40(-9.39332)  41(-6.1494)  43(-7.75196)  46(-9.29389)  47(-6.62043)  48(-2.92843)  49(-1.90783)  50(-1.28519)  51(-0.885791)  54(-6.85279)  55(-4.70437)  56(-3.45942)  57(-2.52447)  58(-1.80352)  59(-1.3981)  62(-8.41165)  64(-9.09094)  65(-7.37095)  66(-4.83894)  67(-3.26749)  70(-8.5186)  72(-9.29439)  73(-7.21137)  75(-7.32258)  78(-7.51359)  81(-7.62384)  86(-6.87258)  88(-7.07755)  89(-4.58625)  91(-6.33509)  94(-8.24375)  95(-5.18907)  
the number of strong unbalanced bit is 50
bit index: 92
strong unbalanced bits are 0(-5.51136)  1(-9.94636)  2(-9.45644)  3(-2.96775)  4(-2.23406)  7(-6.29324)  8(-6.89502)  9(-4.55108)  10(-3.3462)  11(-2.52131)  12(-1.67229)  15(-7.27318)  18(-8.78311)  19(-7.23921)  20(-4.7312)  23(-8.59888)  26(-8.51324)  31(-8.67594)  34(-9.27972)  41(-9.30162)  42(-6.1398)  44(-7.87847)  47(-9.85045)  48(-3.67919)  49(-6.22445)  50(-2.49061)  51(-1.51491)  52(-1.0627)  55(-6.26333)  56(-4.74534)  57(-3.38764)  58(-2.44121)  59(-1.90463)  60(-1.18939)  63(-7.27786)  65(-9.9185)  66(-6.54747)  67(-4.5972)  68(-2.98438)  71(-8.5598)  73(-9.1812)  74(-7.21808)  76(-6.30139)  79(-7.41928)  82(-6.87673)  84(-9.96753)  87(-7.67458)  89(-6.93307)  90(-4.49318)  92(-6.43175)  95(-8.46893)  
the number of strong unbalanced bit is 51
bit index: 93
strong unbalanced bits are 0(-8.02309)  1(-5.36544)  2(-8.24576)  3(-5.89705)  4(-3.17172)  5(-2.17288)  8(-6.81024)  9(-6.79253)  10(-4.63282)  11(-3.30983)  12(-2.18884)  13(-1.63745)  15(-9.54812)  16(-7.65059)  19(-8.67869)  20(-6.72497)  21(-4.54997)  24(-7.99545)  27(-8.966)  32(-8.6503)  35(-9.03854)  42(-9.18395)  43(-6.06356)  45(-7.85838)  48(-6.52774)  49(-3.66379)  50(-6.75166)  51(-2.55952)  52(-1.65195)  53(-0.961831)  56(-6.78558)  57(-4.44106)  58(-3.14032)  59(-2.47293)  60(-1.5525)  61(-1.34619)  63(-9.63377)  64(-7.6453)  67(-6.59144)  68(-4.00798)  69(-3.10098)  72(-7.96071)  74(-9.28727)  75(-7.20527)  77(-7.00639)  80(-7.56709)  82(-9.11132)  83(-7.02328)  85(-9.99417)  88(-7.62454)  90(-6.76995)  91(-4.43876)  93(-6.43186)  
the number of strong unbalanced bit is 53
bit index: 94
strong unbalanced bits are 1(-7.88674)  2(-5.51246)  3(-9.32511)  4(-7.13187)  5(-3.21388)  6(-2.11774)  8(-9.52577)  9(-5.87757)  10(-6.50639)  11(-4.5518)  12(-2.80155)  13(-2.08645)  14(-1.50712)  16(-9.23452)  17(-8.24813)  20(-6.88193)  21(-6.41322)  22(-4.02133)  25(-7.13079)  28(-9.13425)  33(-8.21196)  36(-7.84026)  43(-8.94161)  44(-5.81166)  46(-7.66752)  49(-6.22307)  50(-3.95833)  51(-6.02598)  52(-2.76094)  53(-1.48914)  54(-0.950721)  56(-9.48311)  57(-5.85138)  58(-4.18353)  59(-3.19407)  60(-1.96132)  61(-1.71162)  62(-1.23772)  64(-9.18153)  65(-8.21022)  68(-5.31992)  69(-4.15398)  70(-2.83631)  73(-6.97002)  75(-9.2835)  76(-6.74705)  78(-7.93377)  81(-7.08182)  83(-9.50357)  84(-6.37658)  86(-9.13473)  88(-9.60066)  89(-5.95061)  91(-6.67434)  92(-4.45997)  94(-6.33263)  
the number of strong unbalanced bit is 56
bit index: 95
strong unbalanced bits are 2(-8.8379)  3(-5.41125)  5(-9.72726)  6(-3.19618)  7(-2.25005)  9(-9.98884)  10(-6.01232)  11(-6.95916)  12(-4.24798)  13(-3.11216)  14(-2.2948)  15(-1.54464)  18(-7.78387)  21(-7.89642)  22(-6.51586)  23(-4.32711)  25(-9.66984)  26(-7.6341)  29(-8.83817)  34(-7.64088)  37(-8.41055)  44(-9.33105)  45(-5.91602)  47(-7.76273)  50(-7.71298)  51(-4.57701)  52(-7.2591)  53(-2.69046)  54(-1.62372)  55(-0.907274)  57(-9.94571)  58(-5.97008)  59(-4.64624)  60(-2.87391)  61(-2.53617)  62(-1.84361)  63(-1.12661)  66(-7.75362)  68(-8.37274)  69(-6.16992)  70(-4.2333)  71(-2.97801)  73(-9.51475)  74(-7.47983)  76(-9.12995)  77(-6.93374)  79(-7.97091)  82(-6.13037)  84(-8.75727)  85(-6.52297)  87(-9.81712)  90(-8.42677)  92(-7.18053)  93(-4.65533)  95(-6.43736)  
the number of strong unbalanced bit is 55
