Salsa 2.75DL(R1->R3.75) experimental COR: 7:[28,],11:[9,],15:[14,27,],-->
0: [0], 0.617161, -0.69628
0: [1], 0.737837, -0.438626
0: [2], 0.820106, -0.286118
0: [3], 0.877294, -0.188868
0: [4], 0.917503, -0.124215
0: [5], 5.20982e-05, -14.2284
0: [6], 0.00198251, -8.97845
0: [7], -0.0254292, -5.29737
0: [8], -5.67511e-05, -14.105
0: [9], 0.00931244, -6.74663
0: [10], 0.0627484, -3.99428
0: [11], 0.163796, -2.61003
0: [12], 0.301233, -1.73105
0: [13], 0.461885, -1.11439
0: [14], 0.60702, -0.720185
0: [15], 0.725247, -0.463455
0: [16], 0.815715, -0.293863
0: [17], -0.880181, -0.184128
0: [18], -8.07457e-06, -16.9182
0: [19], 0.0312929, -4.99802
0: [20], -0.11207, -3.15753
0: [21], 6.61239e-07, -20.5283
0: [22], 0.162988, -2.61716
0: [23], -0.35556, -1.49183
0: [24], 5.36293e-05, -14.1866
0: [25], 0.0473411, -4.40076
0: [26], 0.182066, -2.45747
0: [27], -0.345298, -1.53409
0: [28], 4.43803e-05, -14.4597
0: [29], 0.0662097, -3.91681
0: [30], 0.218506, -2.19426
0: [31], 0.396769, -1.33363
4: [0], -2.73809e-06, -18.4784
4: [1], 5.7607e-05, -14.0834
4: [2], 1.22925e-05, -16.3119
4: [3], -1.03731e-05, -16.5568
4: [4], -0.000236479, -12.046
4: [5], 1.75759e-05, -15.796
4: [6], 1.52132e-05, -16.0043
4: [7], -2.10414e-05, -15.5364
4: [8], -2.77534e-07, -21.7808
4: [9], -5.28581e-05, -14.2075
4: [10], 1.75284e-05, -15.7999
4: [11], 1.45603e-05, -16.0676
4: [12], 1.35647e-05, -16.1698
4: [13], -5.24241e-06, -17.5413
4: [14], 2.65958e-05, -15.1984
4: [15], -1.74958e-05, -15.8026
4: [16], 3.71253e-05, -14.7172
4: [17], -1.87736e-05, -15.7009
4: [18], 1.02259e-06, -19.8993
4: [19], 5.31217e-05, -14.2003
4: [20], -3.69083e-06, -18.0476
4: [21], 2.39629e-05, -15.3488
4: [22], 2.73995e-05, -15.1555
4: [23], -5.08474e-05, -14.2635
4: [24], 1.00862e-06, -19.9192
4: [25], -1.66409e-05, -15.8749
4: [26], -3.43369e-05, -14.8299
4: [27], 8.03825e-06, -16.9247
4: [28], -1.62981e-07, -22.5488
4: [29], -6.63102e-07, -20.5243
4: [30], 1.68718e-05, -15.855
4: [31], -3.12924e-06, -18.2858
8: [0], 3.93121e-05, -14.6347
8: [1], 3.11313e-05, -14.9713
8: [2], -1.56332e-05, -15.965
8: [3], -5.30295e-06, -17.5248
8: [4], -4.05032e-06, -17.9135
8: [5], 8.70628e-05, -13.4876
8: [6], -6.18026e-06, -17.3039
8: [7], 1.72891e-05, -15.8198
8: [8], 1.63568e-05, -15.8997
8: [9], 2.48738e-05, -15.295
8: [10], 1.61901e-05, -15.9145
8: [11], 2.18721e-05, -15.4805
8: [12], -7.18329e-06, -17.0869
8: [13], -2.00998e-05, -15.6025
8: [14], -2.7772e-05, -15.136
8: [15], -3.203e-05, -14.9302
8: [16], 4.48618e-06, -17.7661
8: [17], -3.45428e-06, -18.1432
8: [18], 2.81055e-05, -15.1188
8: [19], 1.55065e-05, -15.9768
8: [20], 9.31602e-06, -16.7119
8: [21], -1.62208e-05, -15.9118
8: [22], -2.76146e-05, -15.1442
8: [23], 3.42717e-05, -14.8326
8: [24], 4.37386e-05, -14.4807
8: [25], 1.30078e-05, -16.2303
8: [26], 1.34353e-05, -16.1836
8: [27], -4.74118e-05, -14.3644
8: [28], 2.29664e-06, -18.732
8: [29], 2.75047e-05, -15.15
8: [30], -2.40467e-06, -18.6657
8: [31], 3.00165e-06, -18.3458
12: [0], 3.99584e-05, -14.6111
12: [1], -3.06405e-07, -21.6381
12: [2], 1.83899e-05, -15.7307
12: [3], 1.95066e-05, -15.6457
12: [4], 2.61106e-05, -15.225
12: [5], -3.13092e-05, -14.9631
12: [6], -1.7846e-05, -15.774
12: [7], -6.80797e-06, -17.1643
12: [8], 0.000222559, -12.1335
12: [9], 1.65962e-05, -15.8788
12: [10], 2.07992e-05, -15.5531
12: [11], 7.31833e-06, -17.0601
12: [12], -9.07388e-06, -16.7498
12: [13], -4.44241e-06, -17.7802
12: [14], -1.29016e-05, -16.2421
12: [15], -1.53249e-05, -15.9938
12: [16], 6.63791e-05, -13.8789
12: [17], -1.76653e-05, -15.7887
12: [18], 4.28408e-07, -21.1545
12: [19], 7.2252e-06, -17.0785
12: [20], 2.02963e-05, -15.5884
12: [21], -3.87793e-05, -14.6544
12: [22], -5.85057e-06, -17.383
12: [23], 2.60854e-05, -15.2264
12: [24], -5.7267e-06, -17.4139
12: [25], 2.28258e-05, -15.419
12: [26], 3.80231e-05, -14.6828
12: [27], 7.87992e-06, -16.9534
12: [28], -2.05543e-05, -15.5702
12: [29], 0.000199511, -12.2912
12: [30], 3.65898e-05, -14.7382
12: [31], 5.97099e-05, -14.0317
1: [0], 0.00406208, -7.94357
1: [1], 0.0454498, -4.45958
1: [2], -0.120187, -3.05665
1: [3], 6.05639e-06, -17.3331
1: [4], -2.13599e-05, -15.5147
1: [5], 2.00402e-05, -15.6067
1: [6], 0.00105229, -9.89226
1: [7], 0.023858, -5.38939
1: [8], 0.0950322, -3.39544
1: [9], -0.191581, -2.38397
1: [10], 1.16676e-05, -16.3871
1: [11], 0.194766, -2.36018
1: [12], -2.73101e-05, -15.1602
1: [13], 1.7561e-05, -15.7973
1: [14], -0.000220378, -12.1477
1: [15], 5.07385e-06, -17.5885
1: [16], 3.44934e-05, -14.8233
1: [17], -0.000408351, -11.2579
1: [18], -1.2788e-05, -16.2549
1: [19], 0.00206199, -8.92175
1: [20], 0.0165478, -5.91721
1: [21], -0.0622339, -4.00615
1: [22], 5.53643e-05, -14.1407
1: [23], 0.0553509, -4.17525
1: [24], 4.51691e-06, -17.7562
1: [25], -1.34371e-05, -16.1834
1: [26], 6.55288e-05, -13.8975
1: [27], -0.00233114, -8.74475
1: [28], -2.00821e-05, -15.6037
1: [29], -2.62596e-05, -15.2168
1: [30], 0.0415967, -4.58739
1: [31], -1.68569e-06, -19.1782
5: [0], 0.00130611, -9.58051
5: [1], -0.0132373, -6.23925
5: [2], 0.0010975, -9.83156
5: [3], 0.0237656, -5.39498
5: [4], 9.2946e-07, -20.0371
5: [5], 0.0352544, -4.82605
5: [6], 0.110737, -3.17479
5: [7], -0.226852, -2.14018
5: [8], 0.000154712, -12.6581
5: [9], 0.0823834, -3.6015
5: [10], -1.21202e-05, -16.3322
5: [11], -1.37454e-05, -16.1507
5: [12], 0.00253641, -8.623
5: [13], 0.0255477, -5.29066
5: [14], -0.0918884, -3.44397
5: [15], 0.017672, -5.82239
5: [16], 0.201632, -2.3102
5: [17], -2.36174e-05, -15.3698
5: [18], 4.61629e-05, -14.4029
5: [19], 0.0628487, -3.99197
5: [20], -0.167772, -2.57542
5: [21], 6.77072e-06, -17.1723
5: [22], 0.00695544, -7.16764
5: [23], -1.48248e-05, -16.0416
5: [24], 0.00250232, -8.64252
5: [25], 0.0283417, -5.14093
5: [26], -0.103746, -3.26888
5: [27], -1.04122e-05, -16.5514
5: [28], -0.000382392, -11.3527
5: [29], 0.0582984, -4.1004
5: [30], 9.73977e-06, -16.6477
5: [31], 2.89269e-05, -15.0772
9: [0], 2.37022e-06, -18.6866
9: [1], 7.83056e-06, -16.9625
9: [2], -3.22964e-05, -14.9183
9: [3], 2.73585e-05, -15.1576
9: [4], -2.63844e-05, -15.21
9: [5], -3.93111e-05, -14.6347
9: [6], -6.67479e-06, -17.1928
9: [7], -2.11252e-05, -15.5307
9: [8], -5.13718e-05, -14.2487
9: [9], -3.6452e-06, -18.0656
9: [10], 2.81697e-05, -15.1155
9: [11], 1.17673e-05, -16.3749
9: [12], 1.87382e-05, -15.7037
9: [13], 2.39937e-05, -15.347
9: [14], 3.88641e-06, -17.9731
9: [15], 1.74483e-05, -15.8066
9: [16], 8.85781e-06, -16.7846
9: [17], 4.3219e-05, -14.498
9: [18], -1.71624e-05, -15.8304
9: [19], 1.09207e-05, -16.4826
9: [20], 1.78665e-05, -15.7724
9: [21], 2.17343e-05, -15.4897
9: [22], 3.20235e-05, -14.9305
9: [23], 1.7006e-06, -19.1655
9: [24], 2.21767e-05, -15.4606
9: [25], -2.25008e-05, -15.4397
9: [26], 2.49883e-05, -15.2884
9: [27], -2.70056e-05, -15.1764
9: [28], -2.17967e-05, -15.4855
9: [29], 1.96956e-05, -15.6318
9: [30], 2.94298e-07, -21.6962
9: [31], -1.96621e-05, -15.6342
13: [0], 4.509e-05, -14.4368
13: [1], 1.92551e-05, -15.6644
13: [2], -3.87887e-05, -14.654
13: [3], 6.65057e-06, -17.1981
13: [4], 3.56771e-05, -14.7746
13: [5], 4.6216e-05, -14.4012
13: [6], 4.31668e-06, -17.8216
13: [7], 5.18747e-07, -20.8785
13: [8], -8.41729e-06, -16.8582
13: [9], -2.14921e-05, -15.5058
13: [10], 5.57741e-05, -14.13
13: [11], 7.53161e-06, -17.0186
13: [12], -9.22848e-06, -16.7255
13: [13], 8.43126e-06, -16.8558
13: [14], 1.03945e-05, -16.5538
13: [15], -1.52728e-05, -15.9987
13: [16], 3.83239e-06, -17.9933
13: [17], -3.84077e-06, -17.9902
13: [18], 2.36826e-05, -15.3658
13: [19], -1.01207e-05, -16.5923
13: [20], -7.93301e-06, -16.9437
13: [21], 2.44156e-05, -15.3218
13: [22], 2.45078e-05, -15.3164
13: [23], 1.16043e-05, -16.395
13: [24], 4.76651e-06, -17.6786
13: [25], 1.42651e-05, -16.0972
13: [26], 1.03265e-05, -16.5633
13: [27], -1.92346e-05, -15.6659
13: [28], 1.01794e-05, -16.584
13: [29], 1.69957e-05, -15.8445
13: [30], 2.30707e-05, -15.4036
13: [31], 1.35684e-05, -16.1694
2: [0], -0.0111127, -6.49165
2: [1], -2.79909e-05, -15.1247
2: [2], -5.9884e-07, -20.6713
2: [3], -1.38702e-05, -16.1377
2: [4], 0.000188059, -12.3765
2: [5], -1.41989e-05, -16.1039
2: [6], -6.45779e-06, -17.2405
2: [7], 0.00294971, -8.40521
2: [8], 2.0233e-05, -15.5929
2: [9], 0.00265868, -8.55508
2: [10], 0.0356062, -4.81173
2: [11], 0.0855639, -3.54685
2: [12], -8.07922e-06, -16.9174
2: [13], -1.86432e-05, -15.711
2: [14], -7.57352e-06, -17.0106
2: [15], -7.93487e-07, -20.2653
2: [16], -0.000149827, -12.7044
2: [17], 9.66433e-06, -16.6589
2: [18], 3.58652e-06, -18.089
2: [19], 2.24728e-06, -18.7634
2: [20], 0.00599425, -7.38221
2: [21], 1.73794e-05, -15.8123
2: [22], -2.01035e-05, -15.6022
2: [23], -1.51759e-05, -16.0079
2: [24], 6.1579e-06, -17.3091
2: [25], -1.27954e-05, -16.254
2: [26], 3.83612e-05, -14.67
2: [27], 1.42558e-05, -16.0981
2: [28], 8.54861e-06, -16.8359
2: [29], -0.000577915, -10.7569
2: [30], 2.59867e-05, -15.2319
2: [31], 0.000292374, -11.7399
6: [0], 0.000460414, -11.0848
6: [1], -0.00774352, -7.01279
6: [2], 4.17978e-06, -17.8681
6: [3], 7.11437e-06, -17.1008
6: [4], 1.31475e-05, -16.2149
6: [5], 2.97735e-05, -15.0356
6: [6], -4.65661e-08, -24.3561
6: [7], -1.36178e-05, -16.1641
6: [8], 1.69585e-05, -15.8476
6: [9], -6.19143e-06, -17.3013
6: [10], 0.00070113, -10.478
6: [11], 2.73529e-05, -15.1579
6: [12], 0.00784292, -6.99439
6: [13], 0.045148, -4.4692
6: [14], -0.115334, -3.11611
6: [15], -3.07523e-06, -18.3109
6: [16], -1.27945e-05, -16.2541
6: [17], 2.12109e-05, -15.5248
6: [18], -4.56702e-05, -14.4184
6: [19], 0.000131913, -12.8881
6: [20], 0.00322173, -8.27795
6: [21], -0.0202701, -5.6245
6: [22], -7.85664e-06, -16.9577
6: [23], 0.0660293, -3.92075
6: [24], -1.41645e-05, -16.1074
6: [25], -8.38004e-06, -16.8646
6: [26], 0.000282911, -11.7874
6: [27], 1.9636e-05, -15.6361
6: [28], 2.29208e-05, -15.413
6: [29], 5.1111e-06, -17.5779
6: [30], -5.8338e-06, -17.3871
6: [31], 1.59042e-05, -15.9402
10: [0], -4.65577e-05, -14.3906
10: [1], -1.7589e-05, -15.795
10: [2], -1.19982e-05, -16.3468
10: [3], 0.00190001, -9.03978
10: [4], 2.49706e-05, -15.2894
10: [5], -9.55993e-05, -13.3526
10: [6], 0.00713238, -7.1314
10: [7], -1.8999e-06, -19.0056
10: [8], -0.00389959, -8.00246
10: [9], 0.00245614, -8.66939
10: [10], -0.0360167, -4.79519
10: [11], -1.5202e-05, -16.0054
10: [12], 0.000127022, -12.9426
10: [13], -1.73254e-05, -15.8168
10: [14], 0.000177186, -12.4624
10: [15], 0.000193624, -12.3345
10: [16], 0.00152801, -9.35413
10: [17], -1.51265e-05, -16.0126
10: [18], 0.00135783, -9.52448
10: [19], 0.022646, -5.4646
10: [20], 2.14577e-06, -18.8301
10: [21], 0.000195225, -12.3226
10: [22], 0.0046661, -7.74357
10: [23], 0.020253, -5.62572
10: [24], 3.16948e-05, -14.9454
10: [25], 0.00153765, -9.34506
10: [26], 8.29156e-06, -16.8799
10: [27], 0.00389984, -8.00237
10: [28], 0.0246712, -5.34103
10: [29], -0.0737369, -3.76147
10: [30], 1.27973e-05, -16.2538
10: [31], 0.0193104, -5.69448
14: [0], 1.26213e-05, -16.2738
14: [1], -7.18236e-06, -17.0871
14: [2], 1.41189e-06, -19.4339
14: [3], 7.08643e-06, -17.1065
14: [4], -2.99439e-05, -15.0274
14: [5], 4.88944e-06, -17.6419
14: [6], 2.76892e-05, -15.1403
14: [7], -2.4084e-06, -18.6635
14: [8], 5.69038e-06, -17.423
14: [9], -2.3935e-05, -15.3505
14: [10], 8.26083e-07, -20.2072
14: [11], -1.10632e-05, -16.4639
14: [12], -1.36839e-05, -16.1572
14: [13], -1.49161e-05, -16.0328
14: [14], 8.58121e-06, -16.8304
14: [15], 4.48013e-05, -14.4461
14: [16], -8.18912e-06, -16.8979
14: [17], 1.8253e-05, -15.7415
14: [18], -7.47759e-06, -17.029
14: [19], -4.86895e-06, -17.648
14: [20], 8.89599e-06, -16.7784
14: [21], -6.63009e-06, -17.2025
14: [22], 2.66358e-06, -18.5182
14: [23], 2.57501e-05, -15.2451
14: [24], -2.45338e-05, -15.3149
14: [25], 2.34414e-06, -18.7025
14: [26], -1.71019e-05, -15.8355
14: [27], -2.71276e-05, -15.1699
14: [28], 1.68867e-05, -15.8537
14: [29], -7.77654e-06, -16.9724
14: [30], 1.02445e-06, -19.8967
14: [31], 4.91925e-06, -17.6331
3: [0], -2.32225e-05, -15.3941
3: [1], 7.4978e-05, -13.7032
3: [2], 1.23736e-05, -16.3024
3: [3], 4.46439e-05, -14.4512
3: [4], 4.23752e-07, -21.1703
3: [5], -1.03693e-05, -16.5573
3: [6], 1.81999e-05, -15.7457
3: [7], 6.32089e-06, -17.2714
3: [8], -3.98569e-05, -14.6148
3: [9], -6.37397e-06, -17.2594
3: [10], -1.24965e-05, -16.2881
3: [11], -2.07676e-05, -15.5553
3: [12], 2.21748e-06, -18.7826
3: [13], -4.14057e-05, -14.5598
3: [14], -2.96822e-05, -15.04
3: [15], 5.83846e-06, -17.386
3: [16], 2.52426e-05, -15.2738
3: [17], -5.57303e-06, -17.4531
3: [18], -7.07619e-06, -17.1086
3: [19], 7.27363e-07, -20.3908
3: [20], 2.17985e-05, -15.4854
3: [21], 7.91624e-08, -23.5906
3: [22], 1.6598e-05, -15.8786
3: [23], 5.28526e-06, -17.5296
3: [24], 0.002056, -8.92595
3: [25], 3.36785e-05, -14.8578
3: [26], -2.67196e-05, -15.1917
3: [27], -1.22087e-05, -16.3217
3: [28], -6.56396e-06, -17.217
3: [29], -3.31867e-05, -14.879
3: [30], 1.11395e-05, -16.4539
3: [31], 3.5027e-06, -18.1231
7: [0], -1.75089e-07, -22.4454
7: [1], -9.76771e-06, -16.6435
7: [2], 1.6964e-05, -15.8472
7: [3], -1.74856e-05, -15.8035
7: [4], -6.76233e-06, -17.174
7: [5], 1.00583e-05, -16.6013
7: [6], 2.21049e-05, -15.4653
7: [7], -4.33279e-05, -14.4943
7: [8], 1.94106e-05, -15.6528
7: [9], 1.611e-05, -15.9217
7: [10], -0.000143598, -12.7657
7: [11], -1.1568e-05, -16.3995
7: [12], 3.62024e-05, -14.7536
7: [13], -1.62236e-05, -15.9115
7: [14], 3.10317e-05, -14.9759
7: [15], -7.20285e-06, -17.083
7: [16], 2.10078e-05, -15.5387
7: [17], -1.11507e-05, -16.4525
7: [18], 1.04886e-05, -16.5408
7: [19], 5.85597e-05, -14.0597
7: [20], -6.49504e-06, -17.2322
7: [21], 4.48339e-06, -17.767
7: [22], 0.000214322, -12.1879
7: [23], -0.00251023, -8.63796
7: [24], -1.12243e-05, -16.443
7: [25], 7.35652e-06, -17.0525
7: [26], 1.12876e-06, -19.7568
7: [27], -7.74674e-06, -16.978
7: [28], -1.56453e-05, -15.9639
7: [29], 0.000102615, -13.2505
7: [30], -1.36374e-05, -16.1621
7: [31], 8.50391e-06, -16.8434
11: [0], -4.19589e-05, -14.5407
11: [1], 1.71969e-05, -15.8275
11: [2], -0.000196248, -12.315
11: [3], -4.94812e-06, -17.6247
11: [4], -0.00213909, -8.86879
11: [5], 2.1046e-05, -15.5361
11: [6], 0.000261889, -11.8988
11: [7], 2.23126e-05, -15.4518
11: [8], -6.3628e-06, -17.2619
11: [9], -2.84221e-05, -15.1026
11: [10], 1.18688e-05, -16.3625
11: [11], -5.54137e-07, -20.7833
11: [12], -8.7386e-06, -16.8042
11: [13], -1.5121e-05, -16.0131
11: [14], -1.87382e-06, -19.0256
11: [15], 0.000337955, -11.5309
11: [16], -1.60094e-06, -19.2526
11: [17], -0.0012471, -9.64721
11: [18], -8.08481e-06, -16.9164
11: [19], 3.57479e-05, -14.7718
11: [20], 4.41074e-06, -17.7905
11: [21], 5.10179e-06, -17.5806
11: [22], -2.57138e-06, -18.569
11: [23], -5.85988e-06, -17.3807
11: [24], 2.72524e-05, -15.1633
11: [25], -4.02052e-05, -14.6023
11: [26], 0.000530941, -10.8792
11: [27], -1.37175e-05, -16.1536
11: [28], -0.000240383, -12.0224
11: [29], -1.19619e-05, -16.3512
11: [30], -1.03926e-05, -16.5541
11: [31], 2.61795e-06, -18.5431
15: [0], -3.18121e-05, -14.9401
15: [1], 0.000246252, -11.9876
15: [2], -1.65356e-05, -15.8841
15: [3], 0.000833423, -10.2287
15: [4], -2.50954e-05, -15.2822
15: [5], 3.68878e-05, -14.7265
15: [6], 2.16644e-05, -15.4943
15: [7], -4.92074e-05, -14.3108
15: [8], -4.55528e-05, -14.4221
15: [9], 8.09627e-05, -13.5924
15: [10], -4.79631e-07, -20.9916
15: [11], -1.11219e-05, -16.4562
15: [12], 8.25338e-06, -16.8866
15: [13], 2.9427e-05, -15.0525
15: [14], 0.000318402, -11.6169
15: [15], -7.99168e-06, -16.9331
15: [16], 2.89613e-05, -15.0755
15: [17], 3.07802e-06, -18.3096
15: [18], -2.08309e-05, -15.5509
15: [19], 6.32275e-06, -17.271
15: [20], 6.52391e-05, -13.9039
15: [21], 2.09678e-05, -15.5415
15: [22], 0.000444954, -11.1341
15: [23], 4.55994e-05, -14.4206
15: [24], -6.94087e-05, -13.8145
15: [25], 3.64073e-05, -14.7454
15: [26], 1.58641e-05, -15.9439
15: [27], 1.07102e-05, -16.5107
15: [28], -2.46679e-05, -15.307
15: [29], -3.19825e-05, -14.9324
15: [30], 1.39838e-05, -16.1259
15: [31], 9.79751e-06, -16.6392
Multi time: 8974